list of s:	[1.0, 1.0, 1.0, 1.0, 1.0, 1.0, 1.0, 1.0, 1.0, 1.0, 1.0, 1.0, 1.0, 1.0, 1.0]
avg_s:	1.0
std_s:	0.0
list of theta:	[0.39999999999999991, 1.5000000000000002, 0.66666666666666663, 0.66666666666666663, 1.2727272727272725, 0.39999999999999991, 1.5483870967741937, 0.8695652173913041, 0.8695652173913041, 0.39999999999999991, 0.8695652173913041, 0.39999999999999991, 0.39999999999999991, 0.39999999999999991, 0.39999999999999991]
avg_theta:	0.737542890334
std_theta:	0.412753340105
list of theta_M:	[0.33333333333333326, 0.85714285714285721, 0.5, 0.5, 0.77777777777777768, 0.33333333333333326, 0.8727272727272728, 0.60606060606060597, 0.60606060606060597, 0.33333333333333326, 0.60606060606060597, 0.33333333333333326, 0.33333333333333326, 0.33333333333333326, 0.33333333333333326]
avg_theta_M:	0.510610870611
std_theta_M:	0.201802462883
