list of s:	[1.0588235294117647, 1.0588235294117647, 1.0588235294117647, 1.0588235294117647, 1.0588235294117647, 1.0588235294117647, 1.0588235294117647, 1.0588235294117647, 1.0588235294117647, 1.0588235294117647, 1.0588235294117647, 1.0588235294117647, 1.0588235294117647, 1.0588235294117647, 1.0588235294117647, 1.0588235294117647, 1.0588235294117647, 1.0588235294117647, 1.0588235294117647, 1.0588235294117647, 1.0588235294117647, 1.0588235294117647, 1.0588235294117647, 1.0588235294117647, 1.0588235294117647, 1.0588235294117647, 1.0588235294117647, 1.0588235294117647, 1.0666666666666667, 1.0588235294117647, 1.0588235294117647, 1.0588235294117647, 1.0588235294117647, 1.0588235294117647, 1.0588235294117647, 1.0588235294117647, 1.0588235294117647, 1.0588235294117647, 1.0588235294117647, 1.0588235294117647, 1.0588235294117647, 1.0588235294117647]
avg_s:	1.05901027077
std_s:	0.00121022235264
list of FIS:	[1.125, 1.125, 1.125, 1.125, 1.125, 1.125, 1.125, 1.125, 1.125, 1.125, 1.125, 1.125, 1.125, 1.125, 1.125, 1.125, 1.125, 1.125, 1.125, 1.125, 1.125, 1.125, 1.125, 1.125, 1.125, 1.125, 1.125, 1.125, 1.1428571428571428, 1.125, 1.125, 1.125, 1.125, 1.125, 1.125, 1.125, 1.125, 1.125, 1.125, 1.125, 1.125, 1.125]
avg_FIS:	1.12542517007
std_FIS:	0.00275541696361
s_of_avg_FIS:	1.05901180236
