list of s:	[1.0, 0.85576923076923073, 0.0, 0.85576923076923073, 1.0, 1.0, -4.4607175096546482e-16, 0.0, 0.7966101694915253, 0.0, 0.93023255813953487, 0.0, 0.91428571428571426, 1.0, 1.0, 0.92146596858638741, 1.0, 1.0, 1.0, 1.0, 1.0, 0.93506493506493515, 1.0, 0.92485549132947975, 0.93506493506493515, 1.0, 1.0, 1.0, 0.0, 0.0, 0.91428571428571426, 0.0, 0.0, 0.0, 0.7966101694915253, 0.93023255813953487, 0.7966101694915253, 1.0, 1.0, 0.0, 1.0, 0.92146596858638741, 0.92146596858638741, 0.0, 0.78787878787878796, 0.0, -1.453382868600207e-15, 0.84523809523809523, 0.0, 0.84042553191489366, 0.84042553191489366, 0.0, 1.0, 1.0, 1.0, 0.93023255813953487, 1.0, 1.0, 0.92146596858638741, 0.93023255813953487, 0.0, 0.93506493506493515, 0.91428571428571426, 0.93023255813953487]
avg_s:	0.691019859709
std_s:	0.422857409644
list of FIS:	[1.0, 0.74789915966386555, 0.0, 0.74789915966386555, 1.0, 1.0, -2.2303587548273236e-16, 0.0, 0.66197183098591539, 0.0, 0.86956521739130432, 0.0, 0.84210526315789469, 1.0, 1.0, 0.85436893203883491, 1.0, 1.0, 1.0, 1.0, 1.0, 0.87804878048780499, 1.0, 0.86021505376344087, 0.87804878048780499, 1.0, 1.0, 1.0, 0.0, 0.0, 0.84210526315789469, 0.0, 0.0, 0.0, 0.66197183098591539, 0.86956521739130432, 0.66197183098591539, 1.0, 1.0, 0.0, 1.0, 0.85436893203883491, 0.85436893203883491, 0.0, 0.65000000000000002, 0.0, -7.266914343001029e-16, 0.731958762886598, 0.0, 0.72477064220183485, 0.72477064220183485, 0.0, 1.0, 1.0, 1.0, 0.86956521739130432, 1.0, 1.0, 0.85436893203883491, 0.86956521739130432, 0.0, 0.87804878048780499, 0.84210526315789469, 0.86956521739130432]
avg_FIS:	0.657799888428
std_FIS:	0.41077041095
s_of_avg_FIS:	0.793581774278
weir1984_multi_loci_s:	0.819880001608
