list of s:	[1.0, 1.0, 1.0, 1.0, 1.0, 1.0, 1.0, 1.0, 1.0, 1.0, 1.0, 1.0, 1.0, 1.0, 1.0, 1.0, 1.0, 1.0, 1.0, 1.0, 1.0, 1.0, 1.0, 1.0, 1.0, 1.0, 1.0, 1.0, 1.0, 1.0, 1.0, 1.0, 1.0]
avg_s:	1.0
std_s:	0.0
list of theta:	[1.3333333333333335, 1.3333333333333335, 2.0, 1.3333333333333335, 1.3333333333333335, 1.3333333333333335, 1.3333333333333335, 2.0, 2.0, 1.3333333333333335, 1.3333333333333335, 1.3333333333333335, 2.0, 1.3333333333333335, 1.3333333333333335, 1.3333333333333335, 2.0, 1.3333333333333335, 2.0, 1.3333333333333335, 1.3333333333333335, 1.3333333333333335, 1.3333333333333335, 1.3333333333333335, 1.3333333333333335, 1.3333333333333335, 1.3333333333333335, 2.0, 1.3333333333333335, 1.3333333333333335, 1.3333333333333335, 1.3333333333333335, 1.3333333333333335]
avg_theta:	1.47474747475
std_theta:	0.276765833512
list of theta_M:	[0.80000000000000004, 0.80000000000000004, 1.0, 0.80000000000000004, 0.80000000000000004, 0.80000000000000004, 0.80000000000000004, 1.0, 1.0, 0.80000000000000004, 0.80000000000000004, 0.80000000000000004, 1.0, 0.80000000000000004, 0.80000000000000004, 0.80000000000000004, 1.0, 0.80000000000000004, 1.0, 0.80000000000000004, 0.80000000000000004, 0.80000000000000004, 0.80000000000000004, 0.80000000000000004, 0.80000000000000004, 0.80000000000000004, 0.80000000000000004, 1.0, 0.80000000000000004, 0.80000000000000004, 0.80000000000000004, 0.80000000000000004, 0.80000000000000004]
avg_theta_M:	0.842424242424
std_theta_M:	0.0830297500535
