list of s:	[1.0434782608695652, 0.88337468982630274, 0.0, 0.88337468982630274, 1.0322580645161292, 1.0322580645161292, 0.0, 0.0, 0.82847457627118637, 0.0, 0.96024006001500373, 0.0, 0.95085714285714285, 1.0322580645161292, 1.04, 0.95119067725046447, 1.0322580645161292, 1.0322580645161292, 1.0322580645161292, 1.0322580645161292, 1.0322580645161292, 0.96522832006702963, 1.0344827586206897, 0.95910939841575682, 0.96522832006702963, 1.0344827586206897, 1.04, 1.0322580645161292, 0.0, 0.0, 0.95085714285714285, 0.0, 0.0, 0.0, 0.82847457627118637, 0.96024006001500373, 0.82847457627118637, 1.0322580645161292, 1.0322580645161292, 0.0, 1.0322580645161292, 0.95119067725046447, 0.95119067725046447, 0.0, 0.81504702194357359, 0.0, 0.0, 0.87654320987654322, 0.0, 0.8675360329444064, 0.8675360329444064, 0.0, 1.0322580645161292, 1.0322580645161292, 1.0322580645161292, 0.96024006001500373, 1.0322580645161292, 1.0322580645161292, 0.95119067725046447, 0.96024006001500373, 0.0, 0.96522832006702963, 0.95085714285714285, 0.96024006001500373]
avg_s:	0.714578048083
std_s:	0.437186905456
list of FIS:	[1.0909090909090908, 0.7911111111111111, 0.0, 0.7911111111111111, 1.0666666666666667, 1.0666666666666667, 0.0, 0.0, 0.70717592592592593, 0.0, 0.92352092352092352, 0.0, 0.90631808278867099, 1.0666666666666667, 1.0833333333333333, 0.90692431561996778, 1.0666666666666667, 1.0666666666666667, 1.0666666666666667, 1.0666666666666667, 1.0666666666666667, 0.93279352226720647, 1.0714285714285714, 0.92143150966680376, 0.93279352226720647, 1.0714285714285714, 1.0833333333333333, 1.0666666666666667, 0.0, 0.0, 0.90631808278867099, 0.0, 0.0, 0.0, 0.70717592592592593, 0.92352092352092352, 0.70717592592592593, 1.0666666666666667, 1.0666666666666667, 0.0, 1.0666666666666667, 0.90692431561996778, 0.90692431561996778, 0.0, 0.68783068783068779, 0.0, 0.0, 0.78021978021978022, 0.0, 0.76606060606060611, 0.76606060606060611, 0.0, 1.0666666666666667, 1.0666666666666667, 1.0666666666666667, 0.92352092352092352, 1.0666666666666667, 1.0666666666666667, 0.90692431561996778, 0.92352092352092352, 0.0, 0.93279352226720647, 0.90631808278867099, 0.92352092352092352]
avg_FIS:	0.701902439357
std_FIS:	0.438800672545
s_of_avg_FIS:	0.824844507094
