list of s:	[1.024390243902439, 1.024390243902439, 1.0256410256410258, 1.024390243902439, 1.0270270270270272, 1.0344827586206897, 1.0256410256410258, 1.0285714285714287, 1.024390243902439, 1.0270270270270272, 1.0303030303030303, 1.024390243902439, 1.024390243902439, 1.024390243902439, 1.024390243902439, 1.024390243902439, 1.024390243902439, 1.024390243902439, 1.0256410256410258, 1.0256410256410258, 1.0303030303030303, 1.0256410256410258, 1.024390243902439, 1.024390243902439, 1.0370370370370372, 1.024390243902439, 1.0270270270270272, 1.024390243902439, 1.04, 1.024390243902439, 1.0256410256410258, 1.0256410256410258, 1.024390243902439, 1.024390243902439, 1.0370370370370372, 1.024390243902439, 1.024390243902439, 1.024390243902439, 1.024390243902439, 1.0285714285714287, 1.024390243902439, 1.024390243902439, 1.024390243902439, 1.024390243902439, 1.024390243902439, 1.0256410256410258, 1.024390243902439, 1.024390243902439, 1.0322580645161292, 1.0285714285714287, 1.024390243902439, 1.024390243902439, 1.024390243902439]
avg_s:	1.02629872329
std_s:	0.00364272100853
list of FIS:	[1.05, 1.05, 1.0526315789473684, 1.05, 1.0555555555555556, 1.0714285714285714, 1.0526315789473684, 1.0588235294117647, 1.05, 1.0555555555555556, 1.0625, 1.05, 1.05, 1.05, 1.05, 1.05, 1.05, 1.05, 1.0526315789473684, 1.0526315789473684, 1.0625, 1.0526315789473684, 1.05, 1.05, 1.0769230769230769, 1.05, 1.0555555555555556, 1.05, 1.0833333333333333, 1.05, 1.0526315789473684, 1.0526315789473684, 1.05, 1.05, 1.0769230769230769, 1.05, 1.05, 1.05, 1.05, 1.0588235294117647, 1.05, 1.05, 1.05, 1.05, 1.05, 1.0526315789473684, 1.05, 1.05, 1.0666666666666667, 1.0588235294117647, 1.05, 1.05, 1.05]
avg_FIS:	1.05404650211
std_FIS:	0.00775093476889
s_of_avg_FIS:	1.02631220961
