list of s:	[1.1111111111111112, 1.142857142857143, 1.1111111111111112, 1.2, 1.1111111111111112, 1.1111111111111112, 1.2, 1.1111111111111112, 1.1111111111111112, 1.1111111111111112, 1.2, 1.142857142857143, 1.1111111111111112, 1.2, 1.2, 1.142857142857143, 1.1111111111111112, 1.1111111111111112, 1.1111111111111112, 1.2, 1.2, 1.1111111111111112, 1.1111111111111112, 1.2, 1.142857142857143, 1.1111111111111112, 1.2, 1.142857142857143, 1.142857142857143, 1.142857142857143, 1.1111111111111112, 1.1111111111111112, 1.1111111111111112, 1.1111111111111112, 1.1111111111111112, 1.1111111111111112, 1.142857142857143, 1.1111111111111112, 1.142857142857143, 1.1111111111111112, 1.1111111111111112, 1.1111111111111112, 1.1111111111111112, 1.1111111111111112, 1.1111111111111112, 1.1111111111111112, 1.2, 1.1111111111111112, 1.1111111111111112]
avg_s:	1.13508260447
std_s:	0.0353334261783
list of FIS:	[1.25, 1.3333333333333333, 1.25, 1.5, 1.25, 1.25, 1.5, 1.25, 1.25, 1.25, 1.5, 1.3333333333333333, 1.25, 1.5, 1.5, 1.3333333333333333, 1.25, 1.25, 1.25, 1.5, 1.5, 1.25, 1.25, 1.5, 1.3333333333333333, 1.25, 1.5, 1.3333333333333333, 1.3333333333333333, 1.3333333333333333, 1.25, 1.25, 1.25, 1.25, 1.25, 1.25, 1.3333333333333333, 1.25, 1.3333333333333333, 1.25, 1.25, 1.25, 1.25, 1.25, 1.25, 1.25, 1.5, 1.25, 1.25]
avg_FIS:	1.31632653061
std_FIS:	0.0991567336247
s_of_avg_FIS:	1.13656387665
