list of s:	[1.0666666666666667, 1.0666666666666667, 1.0666666666666667, 1.0666666666666667, 1.0666666666666667, 1.0666666666666667, 1.0666666666666667, 1.0666666666666667, 1.0666666666666667, 1.0666666666666667, 1.0666666666666667, 1.0666666666666667, 1.0666666666666667, 1.0666666666666667, 1.0666666666666667, 1.0666666666666667, 1.0666666666666667, 1.0666666666666667, 1.0666666666666667, 1.0666666666666667, 1.0666666666666667, 1.0666666666666667, 1.0666666666666667, 1.0666666666666667, 1.0666666666666667, 1.0666666666666667, 1.0666666666666667, 1.0666666666666667, 1.0666666666666667, 1.0666666666666667, 1.0666666666666667, 1.0666666666666667, 1.0666666666666667, 1.0666666666666667, 1.0666666666666667, 1.0666666666666667, 1.0666666666666667]
avg_s:	1.06666666667
std_s:	0.0
list of FIS:	[1.1428571428571428, 1.1428571428571428, 1.1428571428571428, 1.1428571428571428, 1.1428571428571428, 1.1428571428571428, 1.1428571428571428, 1.1428571428571428, 1.1428571428571428, 1.1428571428571428, 1.1428571428571428, 1.1428571428571428, 1.1428571428571428, 1.1428571428571428, 1.1428571428571428, 1.1428571428571428, 1.1428571428571428, 1.1428571428571428, 1.1428571428571428, 1.1428571428571428, 1.1428571428571428, 1.1428571428571428, 1.1428571428571428, 1.1428571428571428, 1.1428571428571428, 1.1428571428571428, 1.1428571428571428, 1.1428571428571428, 1.1428571428571428, 1.1428571428571428, 1.1428571428571428, 1.1428571428571428, 1.1428571428571428, 1.1428571428571428, 1.1428571428571428, 1.1428571428571428, 1.1428571428571428]
avg_FIS:	1.14285714286
std_FIS:	0.0
s_of_avg_FIS:	1.06666666667
