list of s:	[1.0052910052910053, 1.0052910052910053, 1.0052910052910053, 1.0052910052910053, 1.0052910052910053, 1.0053475935828877, 1.0052910052910053, 1.0052910052910053, 1.0052910052910053, 1.0052910052910053, 1.0054054054054054, 1.0052910052910053, 1.0052910052910053, 1.0054644808743169, 1.0052910052910053, 1.0053475935828877, 1.0054644808743169, 1.0053475935828877, 1.0052910052910053, 1.0052910052910053, 0.56202053373588634, 1.0054644808743169, 1.0053475935828877, 1.0052910052910053, 1.0052910052910053, 1.0052910052910053, 1.0052910052910053, 1.0053475935828877, 1.0052910052910053, 1.0053475935828877, 0.0, 0.0, 1.0052910052910053, 1.0052910052910053, 1.0057803468208093, 1.0052910052910053, 1.0052910052910053, 1.0053475935828877, 1.0053475935828877, 1.0052910052910053, 1.0052910052910053, 1.0053475935828877, 0.0, 1.0052910052910053, 1.0053475935828877, 1.0052910052910053, 1.0052910052910053, 1.0053475935828877, 1.0052910052910053, 1.0052910052910053, 1.0060606060606061, 1.0052910052910053, 1.0053475935828877, 1.0052910052910053, 1.0052910052910053, 1.0055248618784529, 1.0055248618784529, 1.0053475935828877, 1.0052910052910053, 1.0053475935828877, 1.0052910052910053]
avg_s:	0.948635435307
std_s:	0.224815433412
list of FIS:	[1.0106382978723405, 1.0106382978723405, 1.0106382978723405, 1.0106382978723405, 1.0106382978723405, 1.010752688172043, 1.0106382978723405, 1.0106382978723405, 1.0106382978723405, 1.0106382978723405, 1.0108695652173914, 1.0106382978723405, 1.0106382978723405, 1.0109890109890109, 1.0106382978723405, 1.010752688172043, 1.0109890109890109, 1.010752688172043, 1.0106382978723405, 1.0106382978723405, 0.39084044447172939, 1.0109890109890109, 1.010752688172043, 1.0106382978723405, 1.0106382978723405, 1.0106382978723405, 1.0106382978723405, 1.010752688172043, 1.0106382978723405, 1.010752688172043, 0.0, 0.0, 1.0106382978723405, 1.0106382978723405, 1.0116279069767442, 1.0106382978723405, 1.0106382978723405, 1.010752688172043, 1.010752688172043, 1.0106382978723405, 1.0106382978723405, 1.010752688172043, 0.0, 1.0106382978723405, 1.010752688172043, 1.0106382978723405, 1.0106382978723405, 1.010752688172043, 1.0106382978723405, 1.0106382978723405, 1.0121951219512195, 1.0106382978723405, 1.010752688172043, 1.0106382978723405, 1.0106382978723405, 1.0111111111111111, 1.0111111111111111, 1.010752688172043, 1.0106382978723405, 1.010752688172043, 1.0106382978723405]
avg_FIS:	0.950878694324
std_FIS:	0.23203732886
s_of_avg_FIS:	0.974820932834
