list of s:	[1.0370370370370372, 1.0370370370370372, 1.0370370370370372, 1.0370370370370372, 1.0370370370370372, 1.0434782608695652, 1.04, 1.04, 1.0370370370370372, 0.0, 1.0370370370370372, 1.0370370370370372, 1.04, 1.0370370370370372, 1.04, 1.0370370370370372, 1.0370370370370372, 1.0370370370370372, 1.0370370370370372, 1.04, 1.0370370370370372, 1.0370370370370372, 1.0370370370370372, 1.0370370370370372, 1.0370370370370372, 1.04, 1.0370370370370372, 1.04, 1.04, 1.0370370370370372, 1.0370370370370372, 1.0370370370370372, 1.0370370370370372, 1.0370370370370372, 1.04, 1.0370370370370372, 0.0, 1.0434782608695652, 1.0370370370370372, 1.0370370370370372, 0.96255371393492939, 0.96255371393492939, 0.95910939841575682, 0.93567251461988299, 0.93567251461988299, 1.0370370370370372, 1.04, 1.04, 0.0, 0.0, 1.0370370370370372, 1.0370370370370372, 1.0370370370370372, 1.04, 0.95085714285714285, 1.0476190476190477, 1.0370370370370372, 1.0370370370370372, 1.04, 1.0370370370370372, 1.0370370370370372, 1.0370370370370372, 1.0370370370370372]
avg_s:	0.963989919653
std_s:	0.254351692654
list of FIS:	[1.0769230769230769, 1.0769230769230769, 1.0769230769230769, 1.0769230769230769, 1.0769230769230769, 1.0909090909090908, 1.0833333333333333, 1.0833333333333333, 1.0769230769230769, 0.0, 1.0769230769230769, 1.0769230769230769, 1.0833333333333333, 1.0769230769230769, 1.0833333333333333, 1.0769230769230769, 1.0769230769230769, 1.0769230769230769, 1.0769230769230769, 1.0833333333333333, 1.0769230769230769, 1.0769230769230769, 1.0769230769230769, 1.0769230769230769, 1.0769230769230769, 1.0833333333333333, 1.0769230769230769, 1.0833333333333333, 1.0833333333333333, 1.0769230769230769, 1.0769230769230769, 1.0769230769230769, 1.0769230769230769, 1.0769230769230769, 1.0833333333333333, 1.0769230769230769, 0.0, 1.0909090909090908, 1.0769230769230769, 1.0769230769230769, 0.92781065088757397, 0.92781065088757397, 0.92143150966680376, 0.87912087912087911, 0.87912087912087911, 1.0769230769230769, 1.0833333333333333, 1.0833333333333333, 0.0, 0.0, 1.0769230769230769, 1.0769230769230769, 1.0769230769230769, 1.0833333333333333, 0.90631808278867099, 1.1000000000000001, 1.0769230769230769, 1.0769230769230769, 1.0833333333333333, 1.0769230769230769, 1.0769230769230769, 1.0769230769230769, 1.0769230769230769]
avg_FIS:	0.994490762123
std_FIS:	0.266047076076
s_of_avg_FIS:	0.997237772177
