list of s:	[1.0, 1.0, 1.0, 1.0, 1.0, 1.0, 1.0, 1.0, 1.0, 1.0, 1.0, 1.0, 1.0, 1.0, 1.0, 1.0, 1.0, 1.0, 1.0, 1.0, 1.0, 1.0, 1.0, 1.0, 1.0, 1.0, 1.0, 1.0, 1.0, 1.0, 1.0, 1.0, 1.0, 1.0, 1.0, 1.0, 1.0, 1.0, 1.0, 1.0, 1.0, 1.0]
avg_s:	1.0
std_s:	0.0
list of theta:	[0.5714285714285714, 0.5714285714285714, 0.5714285714285714, 0.5714285714285714, 0.5714285714285714, 0.5714285714285714, 0.5714285714285714, 0.5714285714285714, 0.5714285714285714, 0.5714285714285714, 0.5714285714285714, 0.5714285714285714, 0.5714285714285714, 0.5714285714285714, 0.5714285714285714, 0.5714285714285714, 0.5714285714285714, 0.5714285714285714, 0.5714285714285714, 0.5714285714285714, 0.5714285714285714, 0.5714285714285714, 0.5714285714285714, 0.5714285714285714, 0.5714285714285714, 0.5714285714285714, 0.5714285714285714, 0.5714285714285714, 0.66666666666666663, 0.5714285714285714, 0.5714285714285714, 0.5714285714285714, 0.5714285714285714, 0.5714285714285714, 0.5714285714285714, 0.5714285714285714, 0.5714285714285714, 0.5714285714285714, 0.5714285714285714, 0.5714285714285714, 0.5714285714285714, 0.5714285714285714]
avg_theta:	0.573696145125
std_theta:	0.0146955571392
list of theta_M:	[0.44444444444444442, 0.44444444444444442, 0.44444444444444442, 0.44444444444444442, 0.44444444444444442, 0.44444444444444442, 0.44444444444444442, 0.44444444444444442, 0.44444444444444442, 0.44444444444444442, 0.44444444444444442, 0.44444444444444442, 0.44444444444444442, 0.44444444444444442, 0.44444444444444442, 0.44444444444444442, 0.44444444444444442, 0.44444444444444442, 0.44444444444444442, 0.44444444444444442, 0.44444444444444442, 0.44444444444444442, 0.44444444444444442, 0.44444444444444442, 0.44444444444444442, 0.44444444444444442, 0.44444444444444442, 0.44444444444444442, 0.5, 0.44444444444444442, 0.44444444444444442, 0.44444444444444442, 0.44444444444444442, 0.44444444444444442, 0.44444444444444442, 0.44444444444444442, 0.44444444444444442, 0.44444444444444442, 0.44444444444444442, 0.44444444444444442, 0.44444444444444442, 0.44444444444444442]
avg_theta_M:	0.445767195767
std_theta_M:	0.00857240833123
