list of s:	[1.0047393364928909, 1.0042553191489361, 1.0042194092827004, 1.0043668122270741, 1.0042194092827004, 1.004149377593361, 1.0042194092827004, 1.0043668122270741, 1.0042553191489361, 1.0042194092827004, 1.0042918454935621, 1.004149377593361, 1.0043668122270741, 1.0042194092827004, 1.0042194092827004, 1.0042194092827004, 1.004149377593361, 1.0042553191489361, 1.004149377593361, 1.0042553191489361, 1.0044444444444445, 0.88952002272081798, 1.004149377593361, 1.0043290043290043, 1.0044052863436121, 1.0043290043290043, 1.0042194092827004, 1.0049261083743843, 1.0046082949308754, 1.0042194092827004, 1.004149377593361, 1.0042194092827004, 1.004149377593361, 1.0042194092827004, 1.004149377593361, 1.004149377593361, 1.0042553191489361, 0.90020290540624648, 1.0042553191489361, 1.004149377593361, 1.004149377593361, 1.0042194092827004, 1.0042553191489361, 1.004149377593361, 1.0042194092827004, 1.0042553191489361, 1.0059171597633136, 1.004149377593361, 1.0042553191489361, 1.004149377593361, 1.0042553191489361, 1.0042194092827004, 1.0042918454935621]
avg_s:	1.00016645099
std_s:	0.0210808193819
list of FIS:	[1.0095238095238095, 1.0085470085470085, 1.0084745762711864, 1.0087719298245614, 1.0084745762711864, 1.0083333333333333, 1.0084745762711864, 1.0087719298245614, 1.0085470085470085, 1.0084745762711864, 1.0086206896551724, 1.0083333333333333, 1.0087719298245614, 1.0084745762711864, 1.0084745762711864, 1.0084745762711864, 1.0083333333333333, 1.0085470085470085, 1.0083333333333333, 1.0085470085470085, 1.0089285714285714, 0.80102301790281327, 1.0083333333333333, 1.008695652173913, 1.0088495575221239, 1.008695652173913, 1.0084745762711864, 1.0099009900990099, 1.0092592592592593, 1.0084745762711864, 1.0083333333333333, 1.0084745762711864, 1.0083333333333333, 1.0084745762711864, 1.0083333333333333, 1.0083333333333333, 1.0085470085470085, 0.81851726089417087, 1.0085470085470085, 1.0083333333333333, 1.0083333333333333, 1.0084745762711864, 1.0085470085470085, 1.0083333333333333, 1.0084745762711864, 1.0085470085470085, 1.0119047619047619, 1.0083333333333333, 1.0085470085470085, 1.0083333333333333, 1.0085470085470085, 1.0084745762711864, 1.0086206896551724]
avg_FIS:	1.00112521739
std_FIS:	0.0382988851366
s_of_avg_FIS:	1.00056229234
