list of s:	[1.1111111111111112, 1.1111111111111112, 1.142857142857143, 1.1111111111111112, 1.1111111111111112, 1.1111111111111112, 1.1111111111111112, 1.142857142857143, 1.142857142857143, 1.1111111111111112, 1.1111111111111112, 1.1111111111111112, 1.142857142857143, 1.1111111111111112, 1.1111111111111112, 1.1111111111111112, 1.142857142857143, 1.1111111111111112, 1.142857142857143, 1.1111111111111112, 1.1111111111111112, 1.1111111111111112, 1.1111111111111112, 1.1111111111111112, 1.1111111111111112, 1.1111111111111112, 1.1111111111111112, 1.142857142857143, 1.1111111111111112, 1.1111111111111112, 1.1111111111111112, 1.1111111111111112, 1.1111111111111112]
avg_s:	1.11784511785
std_s:	0.0131793254053
list of FIS:	[1.25, 1.25, 1.3333333333333333, 1.25, 1.25, 1.25, 1.25, 1.3333333333333333, 1.3333333333333333, 1.25, 1.25, 1.25, 1.3333333333333333, 1.25, 1.25, 1.25, 1.3333333333333333, 1.25, 1.3333333333333333, 1.25, 1.25, 1.25, 1.25, 1.25, 1.25, 1.25, 1.25, 1.3333333333333333, 1.25, 1.25, 1.25, 1.25, 1.25]
avg_FIS:	1.26767676768
std_FIS:	0.0345957291889
s_of_avg_FIS:	1.11804008909
