list of s:	[1.024390243902439, 1.0256410256410258, 1.024390243902439, 1.0256410256410258, 1.024390243902439, 1.024390243902439, 1.0256410256410258, 1.024390243902439, 1.024390243902439, 1.024390243902439, 1.024390243902439, 1.024390243902439, 1.024390243902439, 1.0256410256410258, 1.024390243902439, 1.024390243902439, 1.0256410256410258, 1.024390243902439, 1.0256410256410258, 1.024390243902439, 1.024390243902439, 1.024390243902439, 1.024390243902439, 1.0270270270270272, 1.024390243902439, 1.0270270270270272, 1.024390243902439, 1.024390243902439, 1.0256410256410258, 1.0256410256410258, 1.024390243902439, 1.0256410256410258, 1.024390243902439, 1.024390243902439, 1.024390243902439, 1.0256410256410258, 1.024390243902439, 1.024390243902439, 1.0256410256410258, 1.0256410256410258, 1.024390243902439, 1.024390243902439, 1.024390243902439, 1.024390243902439, 1.024390243902439, 1.024390243902439, 1.024390243902439, 1.024390243902439, 1.024390243902439, 1.0256410256410258, 1.024390243902439, 1.0256410256410258, 1.024390243902439, 1.0256410256410258]
avg_s:	1.02483534191
std_s:	0.000709424616248
list of FIS:	[1.05, 1.0526315789473684, 1.05, 1.0526315789473684, 1.05, 1.05, 1.0526315789473684, 1.05, 1.05, 1.05, 1.05, 1.05, 1.05, 1.0526315789473684, 1.05, 1.05, 1.0526315789473684, 1.05, 1.0526315789473684, 1.05, 1.05, 1.05, 1.05, 1.0555555555555556, 1.05, 1.0555555555555556, 1.05, 1.05, 1.0526315789473684, 1.0526315789473684, 1.05, 1.0526315789473684, 1.05, 1.05, 1.05, 1.0526315789473684, 1.05, 1.05, 1.0526315789473684, 1.0526315789473684, 1.05, 1.05, 1.05, 1.05, 1.05, 1.05, 1.05, 1.05, 1.05, 1.0526315789473684, 1.05, 1.0526315789473684, 1.05, 1.0526315789473684]
avg_FIS:	1.05093675547
std_FIS:	0.00149351382395
s_of_avg_FIS:	1.02483584895
