list of s:	[1.0, 1.0, -0.041666666666666484]
avg_s:	0.652777777778
std_s:	0.601406530406
list of FIS:	[1.0, 1.0, -0.020408163265306034]
avg_FIS:	0.659863945578
std_FIS:	0.589132927745
s_of_avg_FIS:	0.795081967213
weir1984_multi_loci_s:	0.621392476999
