list of s:	[0.9375, 0.90314569536423839, 1.0, 1.0, 1.0, 1.0, 0.96818923327895601, 1.0, 0.93240901213171579, 0.96967340590979778, 0.95695364238410596, 1.0, 0.95161290322580649, 1.0, 0.89075630252100835, 1.0, 1.0, 1.0, 1.0, 0.85869565217391308, 0.9046454767726162, 0.87176602924634428, 0.87176602924634428, 0.88346613545816721, 1.0, 0.88346613545816721, 1.0, 0.89075630252100835, 1.0, 0.89075630252100835, 1.0, 0.91466083150984689, 1.0, 0.79032258064516125, 1.0, 1.0, 1.0, 1.0, 1.0, 1.0, 1.0, 0.88346613545816721, 0.87176602924634428, 0.8980836236933798, 0.88346613545816721, 0.92215568862275443, 0.9046454767726162, 1.0, 0.85869565217391308, 0.92215568862275443, 1.0, 0.93240901213171579, 1.0, 1.0, 0.90116279069767447, 0.87176602924634428, 1.0, 1.0]
avg_s:	0.950350240215
std_s:	0.0566792514143
list of FIS:	[0.88235294117647056, 0.82339622641509436, 1.0, 1.0, 1.0, 1.0, 0.93833992094861662, 1.0, 0.87337662337662336, 0.94113207547169808, 0.91746031746031742, 1.0, 0.90769230769230769, 1.0, 0.80303030303030298, 1.0, 1.0, 1.0, 1.0, 0.75238095238095237, 0.82589285714285721, 0.77268195413758733, 0.77268195413758722, 0.79125780553077607, 1.0, 0.79125780553077607, 1.0, 0.80303030303030298, 1.0, 0.80303030303030298, 1.0, 0.842741935483871, 1.0, 0.65333333333333332, 1.0, 1.0, 1.0, 1.0, 1.0, 1.0, 1.0, 0.79125780553077607, 0.77268195413758733, 0.81501976284584976, 0.79125780553077607, 0.85555555555555551, 0.82589285714285721, 1.0, 0.75238095238095237, 0.85555555555555551, 1.0, 0.87337662337662336, 1.0, 1.0, 0.82010582010582012, 0.77268195413758733, 1.0, 1.0]
avg_FIS:	0.910704078717
std_FIS:	0.100093872628
s_of_avg_FIS:	0.953265436403
