list of s:	[1.0769230769230769, 1.0769230769230769, 1.0769230769230769, 1.0769230769230769, 1.0769230769230769, 1.0769230769230769, 1.0769230769230769, 1.0769230769230769, 1.0769230769230769, 1.0769230769230769, 1.0769230769230769, 1.0769230769230769, 1.0769230769230769, 1.0769230769230769, 1.0769230769230769, 1.0769230769230769, 1.0769230769230769, 1.0769230769230769, 1.0769230769230769, 1.0769230769230769, 1.1111111111111112, 1.0769230769230769, 1.0769230769230769, 1.0769230769230769, 1.0769230769230769, 1.0769230769230769, 1.0769230769230769, 1.0769230769230769, 1.0769230769230769, 1.0769230769230769, 1.0769230769230769, 1.0769230769230769, 1.0769230769230769, 1.0769230769230769, 1.0769230769230769, 1.0769230769230769, 1.0769230769230769, 1.0769230769230769, 1.0769230769230769, 1.0769230769230769, 1.0909090909090908]
avg_s:	1.07809805371
std_s:	0.00571801294295
list of FIS:	[1.1666666666666667, 1.1666666666666667, 1.1666666666666667, 1.1666666666666667, 1.1666666666666667, 1.1666666666666667, 1.1666666666666667, 1.1666666666666667, 1.1666666666666667, 1.1666666666666667, 1.1666666666666667, 1.1666666666666667, 1.1666666666666667, 1.1666666666666667, 1.1666666666666667, 1.1666666666666667, 1.1666666666666667, 1.1666666666666667, 1.1666666666666667, 1.1666666666666667, 1.25, 1.1666666666666667, 1.1666666666666667, 1.1666666666666667, 1.1666666666666667, 1.1666666666666667, 1.1666666666666667, 1.1666666666666667, 1.1666666666666667, 1.1666666666666667, 1.1666666666666667, 1.1666666666666667, 1.1666666666666667, 1.1666666666666667, 1.1666666666666667, 1.1666666666666667, 1.1666666666666667, 1.1666666666666667, 1.1666666666666667, 1.1666666666666667, 1.2]
avg_FIS:	1.16951219512
std_FIS:	0.013895662305
s_of_avg_FIS:	1.07813378302
