list of FIS:	[0.95604395604395609, 1.0, 1.0, 1.0, 1.0, 1.0, 1.0, 1.0, 1.0, 1.0, 1.0, 1.0, 1.0, 1.0, 1.0, 1.0, 1.0, 1.0, 0.96082862523540491, 0.94734177215189874, 1.0, 0.95218390804597697, 1.0, -0.025641025641024884, 1.0, 1.0, 1.0, 0.95008912655971478, 1.0, 1.0, 1.0, 1.0, 1.0, 1.0, 0.94541910331384016, 0.94541910331384016, 1.0, 0.96141001855287567, 0.96117954460619637, 1.0, 1.0, 0.92209737827715355, 1.0, 0.96082862523540491, 0.94734177215189874, 1.0, 1.0, 0.94701298701298697, -0.0097087378640776656, 0.95804759983864463, 0.95218390804597697, 0.96152423233444317, 1.0, 1.0, 1.0, 0.91176470588235292, 0.9359875097580016, 1.0, 1.0, 1.0, 0.96141001855287567, 0.95804759983864463, 1.0, 1.0, 1.0, 0.94353472614342182, 1.0, 0.95218390804597697, 0.92968221771467208, 1.0, 0.95804759983864463, 1.0, 1.0, 1.0, 1.0, 1.0, 1.0, 0.91391941391941389, 1.0, 1.0, 1.0, 1.0, 1.0, 1.0, 1.0, 1.0, 1.0, 1.0, 1.0, 1.0, 1.0, 1.0, 0.95365742844161749, 0.95897435897435901, 1.0, 0.84683357879234167, 1.0, 1.0, 1.0, 0.89810189810189811, 1.0, 1.0, -0.0097087378640776656, 1.0, 0.91706539074960125, 1.0, 1.0, 1.0, 1.0, 1.0, 1.0, 1.0, 0.96035074342356075, 1.0, 1.0, 1.0, 1.0, 0.92209737827715355, 0.96152423233444317, 0.90555555555555556, 1.0, 1.0, 0.91924882629107985, 0.95973674022454514, 1.0, 1.0, 1.0, 1.0, 1.0, 1.0, 1.0, 1.0, 0.94033275960986806, 1.0, 1.0]
avg_FIS:	0.961421849999
std_FIS:	0.150564717066
s_of_avg_FIS:	0.980331538572
g2:	15.4578066318
s_g2:	0.979034540556
list of genotyping error rate vector:	[-0.070274723369976047, 1.0, 1.0, 1.0, 1.0, 1.0, 1.0, 1.0, 1.0, 1.0, 1.0, 1.0, 1.0, 1.0, 1.0, 1.0, 1.0, 1.0, 0.046225990397979255, -0.28216202303461546, 1.0, -0.16426206689350265, 1.0, -23.973076878632781, 1.0, 1.0, 1.0, -0.21526737751635586, 1.0, 1.0, 1.0, 1.0, 1.0, 1.0, -0.32897660582197935, -0.32897660582197935, 1.0, 0.060382190911551829, 0.054770438412331375, 1.0, 1.0, -0.89683145729840175, 1.0, 0.046225990397979255, -0.28216202303461546, 1.0, 1.0, -0.29016753017144614, -23.585145587314233, -0.021488501610877477, -0.16426206689350265, 0.063163153720544443, 1.0, 1.0, 1.0, -1.1484191138235575, -0.55862411900600395, 1.0, 1.0, 1.0, 0.060382190911551829, -0.021488501610877477, 1.0, 1.0, 1.0, -0.37485883436854711, 1.0, -0.16426206689350265, -0.71215009837279641, 1.0, -0.021488501610877477, 1.0, 1.0, 1.0, 1.0, 1.0, 1.0, -1.0959546665995392, 1.0, 1.0, 1.0, 1.0, 1.0, 1.0, 1.0, 1.0, 1.0, 1.0, 1.0, 1.0, 1.0, 1.0, -0.12838368722400248, 0.0010769248546888418, 1.0, -2.7294108917428073, 1.0, 1.0, 1.0, -1.4810914041758558, 1.0, 1.0, -23.585145587314233, 1.0, -1.0193540633918394, 1.0, 1.0, 1.0, 1.0, 1.0, 1.0, 1.0, 0.034590165652546807, 1.0, 1.0, 1.0, 1.0, -0.89683145729840175, 0.063163153720544443, -1.2996041625741037, 1.0, 1.0, -0.96619013734587744, 0.019639955287122049, 1.0, 1.0, 1.0, 1.0, 1.0, 1.0, 1.0, 1.0, -0.45282271686366327, 1.0, 1.0]
avg_genotyping error rate vector:	0.0606702718269
std_genotyping error rate vector:	3.66606264813
