list of s:	[1.0909090909090908, 1.0909090909090908, 1.0909090909090908, 1.0909090909090908, 1.1111111111111112, 1.0909090909090908, 1.0909090909090908, 1.1111111111111112, 1.0909090909090908, 1.0909090909090908, 1.0909090909090908, 1.0909090909090908, 1.0909090909090908, 1.0909090909090908, 1.0909090909090908, 1.0909090909090908, 1.0909090909090908, 1.0909090909090908, 1.0909090909090908, 1.0909090909090908, 1.1111111111111112, 1.1111111111111112, 1.0909090909090908, 1.1111111111111112, 1.0909090909090908, 1.0909090909090908, 1.0909090909090908, 1.0909090909090908, 1.0909090909090908, 1.0909090909090908, 1.0909090909090908, 1.0909090909090908, 1.0909090909090908, 1.0909090909090908, 1.0909090909090908, 1.0909090909090908, 1.0909090909090908, 1.0909090909090908, 1.0909090909090908, 1.0909090909090908, 1.0909090909090908]
avg_s:	1.09337275191
std_s:	0.00669281976211
list of FIS:	[1.2, 1.2, 1.2, 1.2, 1.25, 1.2, 1.2, 1.25, 1.2, 1.2, 1.2, 1.2, 1.2, 1.2, 1.2, 1.2, 1.2, 1.2, 1.2, 1.2, 1.25, 1.25, 1.2, 1.25, 1.2, 1.2, 1.2, 1.2, 1.2, 1.2, 1.2, 1.2, 1.2, 1.2, 1.2, 1.2, 1.2, 1.2, 1.2, 1.2, 1.2]
avg_FIS:	1.20609756098
std_FIS:	0.0165647289112
s_of_avg_FIS:	1.09342177999
