list of s:	[1.0175438596491229, 1.0149253731343284, -0.042483660130718956]
avg_s:	0.663328524218
std_s:	0.611252684083
list of FIS:	[1.0357142857142858, 1.0303030303030303, -0.020799999999999999]
avg_FIS:	0.681739105339
std_FIS:	0.608422728306
s_of_avg_FIS:	0.810754894353
