list of s:	[1.0, 1.0, 1.0, 1.0, 1.0]
avg_s:	1.0
std_s:	0.0
list of theta:	[1.0000000000000002, 1.3333333333333335, 1.0000000000000002, 1.3333333333333335, 1.0000000000000002]
avg_theta:	1.13333333333
std_theta:	0.182574185835
list of theta_M:	[0.66666666666666674, 0.80000000000000004, 0.66666666666666674, 0.80000000000000004, 0.66666666666666674]
avg_theta_M:	0.72
std_theta_M:	0.073029674334
