list of s:	[1.1111111111111112, 1.142857142857143, 1.0909090909090908, 1.1111111111111112, 1.0909090909090908, 1.142857142857143, 1.142857142857143, 1.0909090909090908, 1.142857142857143, 1.142857142857143, 1.142857142857143, 1.0909090909090908, 1.0909090909090908, 1.0909090909090908, 1.0909090909090908, 1.0909090909090908, 1.0909090909090908, 1.142857142857143, 1.0909090909090908, 1.1111111111111112, 1.0909090909090908, 1.0909090909090908, 1.0909090909090908]
avg_s:	1.1093544137
std_s:	0.0236347943732
list of FIS:	[1.25, 1.3333333333333333, 1.2, 1.25, 1.2, 1.3333333333333333, 1.3333333333333333, 1.2, 1.3333333333333333, 1.3333333333333333, 1.3333333333333333, 1.2, 1.2, 1.2, 1.2, 1.2, 1.2, 1.3333333333333333, 1.2, 1.25, 1.2, 1.2, 1.2]
avg_FIS:	1.24710144928
std_FIS:	0.0606472192258
s_of_avg_FIS:	1.10996452757
