list of s:	[0.93933823529411753, 0.90562913907284759, 1.0, 1.0, 1.0, 1.0, 0.96900489396411082, 1.0, 0.9341421143847487, 0.97045101088646968, 0.95805739514348787, 1.0, 0.95285359801488823, 1.0, 0.89355742296918772, 1.0, 1.0, 1.0, 1.0, 0.8623188405797102, 0.90709046454767728, 0.87514060742407185, 0.87514060742407196, 0.88645418326693226, 1.0, 0.88645418326693226, 1.0, 0.89355742296918772, 1.0, 0.89355742296918772, 1.0, 0.91684901531728669, 1.0, 0.79569892473118287, 1.0, 1.0, 1.0, 1.0, 1.0, 1.0, 1.0, 0.88645418326693226, 0.87514060742407185, 0.9006968641114983, 0.88645418326693226, 0.92415169660678642, 0.90709046454767728, 1.0, 0.86231884057971009, 0.92415169660678642, 1.0, 0.9341421143847487, 1.0, 1.0, 0.90406976744186041, 0.87514060742407185, 1.0, 1.0]
avg_s:	0.951639767377
std_s:	0.0552109380088
list of FIS:	[0.88561525129982666, 0.82753403933434189, 1.0, 1.0, 1.0, 1.0, 0.93987341772151889, 1.0, 0.87642276422764231, 0.94259818731117817, 0.91949152542372881, 1.0, 0.90995260663507105, 1.0, 0.80759493670886073, 1.0, 1.0, 1.0, 1.0, 0.7579617834394905, 0.82997762863534685, 0.77799999999999991, 0.77800000000000002, 0.7960644007155635, 1.0, 0.7960644007155635, 1.0, 0.80759493670886073, 1.0, 0.80759493670886073, 1.0, 0.84646464646464659, 1.0, 0.6607142857142857, 1.0, 1.0, 1.0, 1.0, 1.0, 1.0, 1.0, 0.7960644007155635, 0.77799999999999991, 0.81933438985736928, 0.7960644007155635, 0.85899814471243041, 0.82997762863534685, 1.0, 0.75796178343949039, 0.85899814471243041, 1.0, 0.87642276422764231, 1.0, 1.0, 0.82493368700265257, 0.77799999999999991, 1.0, 1.0]
avg_FIS:	0.91279784641
std_FIS:	0.0977914300016
s_of_avg_FIS:	0.954411202546
weir1984_multi_loci_s:	0.87434846574
