list of s:	[1.0, 1.0, -0.083333333333333412]
avg_s:	0.638888888889
std_s:	0.625462791622
list of FIS:	[1.0, 1.0, -0.040000000000000036]
avg_FIS:	0.653333333333
std_FIS:	0.600444279957
s_of_avg_FIS:	0.790322580645
