list of FIS:	[1.0, 1.0, 1.0, 0.95280426701147569, 1.0, 1.0, 1.0, 0.95628252788104084, 1.0, 1.0, 1.0, 1.0, 0.96378936631391054, 0.79651567944250878, 0.79653979238754324, 1.0, 1.0, 1.0, 1.0, 0.90555734018631551, 1.0, 1.0, 1.0, 1.0, 1.0, 1.0, 1.0, 1.0, 0.85363408521303252, 0.95283170223006575, 0.85365853658536595, 1.0, 1.0, 1.0, 1.0, 0.90925925925925921, 1.0, 1.0, 0.90897435897435896, 0.85302763080540855, 0.80255681818181812, 1.0, 1.0, 0.90548080078766002, 1.0, 1.0, 1.0, 1.0, 1.0, 1.0, 1.0, 1.0, 1.0, 0.96756756756756757, 0.79653979238754324, 0.8500000000000002, 0.92980769230769234, 0.88538011695906449, 0.96586555207244862, 1.0, 1.0, 0.91951820421571306, 0.8816425120772946, 1.0, 0.96174365647365001, 1.0, 1.0, 0.93737418921941396, 1.0, 1.0, 0.88514357053682913, 1.0, 0.90555734018631551, 1.0, 1.0, 1.0, 1.0, 1.0, 0.94869091548058337, 1.0, 0.85363408521303252, 1.0, 0.95283170223006575, -0.032558139534883734, 0.88444444444444437, 1.0, 1.0, 0.90550667970022802, 0.90555734018631551, 0.95271945776161349, 1.0, 1.0, 1.0, 1.0, 0.94373205741626798, 1.0, 0.85365853658536583, 0.94871794871794868, 1.0, 1.0, 1.0, 1.0, 1.0, 1.0, 1.0, 1.0, 0.85365853658536583, 0.93748643368786633, 0.94871794871794868, 0.9297232250300842, 1.0, 1.0, 1.0]
avg_FIS:	0.956491801164
std_FIS:	0.109075929533
s_of_avg_FIS:	0.977762135875
g2:	30.0175304763
s_g2:	0.989056815556
list of genotyping error rate vector:	[1.0, 1.0, 1.0, -1.1799963641519104, 1.0, 1.0, 1.0, -1.0193336184103068, 1.0, 1.0, 1.0, 1.0, -0.67258870200206056, -8.3990505261378878, -8.3979367362002062, 1.0, 1.0, 1.0, 1.0, -3.3623573992320241, 1.0, 1.0, 1.0, 1.0, 1.0, 1.0, 1.0, 1.0, -5.7607205538886621, -1.1787291166066594, -5.7595911318114936, 1.0, 1.0, 1.0, 1.0, -3.1913637604349709, 1.0, 1.0, -3.20452345826993, -5.7887330100987517, -8.1200070691746529, 1.0, 1.0, -3.3658927953413267, 1.0, 1.0, 1.0, 1.0, 1.0, 1.0, 1.0, 1.0, 1.0, -0.49807154813119686, -8.3979367362002062, -5.9285809101067759, -2.2422205540884304, -4.2943542237073213, -0.57668856191911078, 1.0, 1.0, -2.7174975592141548, -4.466996209263006, 1.0, -0.7670811429810388, 1.0, 1.0, -1.8927199803621877, 1.0, 1.0, -4.3052804305436814, 1.0, -3.3623573992320241, 1.0, 1.0, 1.0, 1.0, 1.0, -1.3699942901085707, 1.0, -5.7607205538886621, 1.0, -1.1787291166066594, -46.694417427711826, -4.3375734418600453, 1.0, 1.0, -3.364697434410707, -3.3623573992320241, -1.1839137491492155, 1.0, 1.0, 1.0, 1.0, -1.599046618910869, 1.0, -5.7595911318114981, -1.3687456102929199, 1.0, 1.0, 1.0, 1.0, 1.0, 1.0, 1.0, 1.0, -5.7595911318114981, -1.8875353478196266, -1.3687456102929199, -2.2461221432028595, 1.0, 1.0, 1.0]
avg_genotyping error rate vector:	-1.00966717261
std_genotyping error rate vector:	5.03827602075
