list of s:	[1.0, 0.99432565577364529, 0.99496965641368806, 1.0, 1.0, 0.98934341698178074, 1.0, 1.0, 1.0, 1.0, 0.98694439499139508, 0.99277656837522255, 0.99287387417109296, 1.0, 0.99367862969004894, 1.0, 1.0, 0.99504066187185636, 1.0, 1.0, 0.99521437427943715, 0.99394792821403966, 1.0, 0.99391065214951169, 0.99478148977743885, 1.0, 1.0, 0.98626873158191741, 1.0, 1.0, 1.0, 1.0, 1.0, 1.0, 1.0, 1.0, 1.0, 1.0, 0.99063614105923292, 1.0, 1.0, 1.0, 0.99245748765770714, 0.99540321565005663, 1.0, 1.0, 0.99420732510071352, 1.0, 1.0, 1.0, 1.0, 1.0, 1.0, 0.9950651223579251, 1.0, 1.0, 1.0, 0.99503532997737032, 0.99000138229737833, 1.0, 1.0, 1.0, 0.99530829656730868, 0.99523191260744981, 1.0, 1.0, 1.0, 0.9934590108296566, 1.0, 1.0, 1.0, 1.0, 0.99523861526700885, 1.0, 0.99406921952012128, 1.0, 1.0, 1.0, 1.0, 0.97327430726348585, 0.99538811439161012, 0.98234208202905526, 1.0, 0.99515108769919103, 0.99090739531847427, 1.0, 0.99543293682921263, 0.9951066700203508, 1.0, 0.99456101394675778, 1.0, 1.0, 1.0, 0.99460716658999127, 0.99451581174927717, 1.0, 1.0, 0.99538811439161012, 1.0, 1.0, 1.0, 1.0, 0.99437104816737765, 0.98636193797484117, 0.9891439669339176, 1.0, 1.0, 1.0]
avg_s:	0.997284636541
std_s:	0.00449567877368
list of FIS:	[1.0, 0.98871534456669485, 0.98998966823556422, 1.0, 1.0, 0.97891156462585038, 1.0, 1.0, 1.0, 1.0, 0.97422529435885419, 0.98565674427743388, 0.98584859304877648, 1.0, 0.98743667679837888, 1.0, 1.0, 0.99013027106672591, 1.0, 1.0, 0.99047433482713088, 0.98796867089550011, 1.0, 0.98789501575879279, 0.98961716249851839, 1.0, 1.0, 0.97290945076694701, 1.0, 1.0, 1.0, 1.0, 1.0, 1.0, 1.0, 1.0, 1.0, 1.0, 0.9814460189795311, 1.0, 1.0, 1.0, 0.98502790254525652, 0.99084849877771042, 1.0, 1.0, 0.98848137385795443, 1.0, 1.0, 1.0, 1.0, 1.0, 1.0, 0.99017871157252735, 1.0, 1.0, 1.0, 0.99011971232278673, 0.98020072992700735, 1.0, 1.0, 1.0, 0.99066041171304331, 0.99050907875682304, 1.0, 1.0, 1.0, 0.98700303466879191, 1.0, 1.0, 1.0, 1.0, 0.99052235723757143, 1.0, 0.98820837259388883, 1.0, 1.0, 1.0, 1.0, 0.94793995528585118, 0.99081857247667959, 0.9652969477088098, 1.0, 0.99034897238490049, 0.98197865163347353, 1.0, 0.990907400136389, 0.9902609961999681, 1.0, 0.98918087297451551, 1.0, 1.0, 1.0, 0.98927218649108983, 0.98909144805098559, 1.0, 1.0, 0.99081857247667959, 1.0, 1.0, 1.0, 1.0, 0.98880511182108621, 0.97309086440990356, 0.97852110941425685, 1.0, 1.0, 1.0]
avg_FIS:	0.994623302372
std_FIS:	0.00885286072043
s_of_avg_FIS:	0.997304404485
