list of s:	[1.0, 1.0, 1.0, 1.0, 1.0, 1.0, 1.0, 1.0, 1.0, 1.0, 1.0, 1.0, 1.0, 1.0, 1.0, 1.0, 1.0, 1.0, 1.0, 1.0, 1.0, 1.0, 1.0, 1.0, 1.0, 1.0, 1.0, 1.0, 1.0, 1.0, 1.0, 1.0, 1.0, 1.0, 1.0, 1.0, 1.0, 1.0, 1.0, 1.0, 1.0]
avg_s:	1.0
std_s:	0.0
list of theta:	[0.79999999999999993, 0.79999999999999993, 2.6666666666666665, 2.6666666666666665, 2.6666666666666665, 2.6666666666666665, 2.6666666666666665, 2.6666666666666665, 2.6666666666666665, 2.6666666666666665, 2.6666666666666665, 2.6666666666666665, 2.6666666666666665, 2.6666666666666665, 2.6666666666666665, 2.6666666666666665, 2.6666666666666665, 2.6666666666666665, 2.6666666666666665, 2.6666666666666665, 1.3333333333333335, 2.6666666666666665, 2.6666666666666665, 2.6666666666666665, 2.6666666666666665, 2.6666666666666665, 2.6666666666666665, 2.6666666666666665, 2.6666666666666665, 2.6666666666666665, 2.6666666666666665, 2.6666666666666665, 2.6666666666666665, 2.6666666666666665, 2.6666666666666665, 2.6666666666666665, 2.6666666666666665, 2.6666666666666665, 2.6666666666666665, 2.6666666666666665, 2.9999999999999996]
avg_theta:	2.5512195122
std_theta:	0.455832422971
list of theta_M:	[0.5714285714285714, 0.5714285714285714, 1.1428571428571428, 1.1428571428571428, 1.1428571428571428, 1.1428571428571428, 1.1428571428571428, 1.1428571428571428, 1.1428571428571428, 1.1428571428571428, 1.1428571428571428, 1.1428571428571428, 1.1428571428571428, 1.1428571428571428, 1.1428571428571428, 1.1428571428571428, 1.1428571428571428, 1.1428571428571428, 1.1428571428571428, 1.1428571428571428, 0.80000000000000004, 1.1428571428571428, 1.1428571428571428, 1.1428571428571428, 1.1428571428571428, 1.1428571428571428, 1.1428571428571428, 1.1428571428571428, 1.1428571428571428, 1.1428571428571428, 1.1428571428571428, 1.1428571428571428, 1.1428571428571428, 1.1428571428571428, 1.1428571428571428, 1.1428571428571428, 1.1428571428571428, 1.1428571428571428, 1.1428571428571428, 1.1428571428571428, 1.2]
avg_theta_M:	1.10801393728
std_theta_M:	0.134545674685
