list of s:	[0.0, 0.0, -0.028148148148148148]
avg_s:	-0.00938271604938
std_s:	0.0162513409105
list of FIS:	[0.0, 0.0, -0.013878743608473338]
avg_FIS:	-0.00462624786949
std_FIS:	0.00801289635837
s_of_avg_FIS:	-0.00929549902153
