list of s:	[1.0588235294117647, 1.0588235294117647, 1.0588235294117647, 1.0769230769230769, 1.0769230769230769, 1.0588235294117647, 1.0588235294117647, 1.0588235294117647, 1.0588235294117647, 1.0769230769230769, 1.0588235294117647, 1.0588235294117647, 1.0769230769230769, 1.0588235294117647, 1.0588235294117647, 1.0588235294117647, 1.0588235294117647, 1.0588235294117647, 1.0588235294117647, 1.0769230769230769, 1.0588235294117647, 1.0588235294117647, 1.0588235294117647, 1.0588235294117647, 1.0588235294117647, 1.0588235294117647, 1.0588235294117647, 1.0588235294117647, 1.0588235294117647, 1.0909090909090908, 1.0588235294117647, 1.0588235294117647, 1.0588235294117647, 1.0588235294117647, 1.0588235294117647, 1.0588235294117647, 1.0666666666666667, 1.0588235294117647, 1.0588235294117647, 1.0588235294117647, 1.0588235294117647, 1.0588235294117647, 1.0588235294117647, 1.0588235294117647, 1.0588235294117647, 1.0588235294117647, 1.0588235294117647, 1.0588235294117647, 1.0588235294117647, 1.0588235294117647, 1.0588235294117647, 1.0588235294117647, 1.0588235294117647, 1.0588235294117647, 1.0588235294117647, 1.0588235294117647, 1.0588235294117647, 1.0588235294117647, 1.0588235294117647, 1.0588235294117647, 1.0588235294117647, 1.0588235294117647, 1.0666666666666667, 1.0588235294117647, 1.0588235294117647, 1.0588235294117647, 1.0588235294117647, 1.0588235294117647, 1.0588235294117647, 1.0588235294117647, 1.0588235294117647, 1.0588235294117647, 1.0588235294117647, 1.0588235294117647, 1.0588235294117647, 1.0588235294117647, 1.0588235294117647, 1.0588235294117647, 1.0588235294117647, 1.0588235294117647, 1.0588235294117647, 1.0588235294117647, 1.0588235294117647, 1.0588235294117647, 1.0588235294117647]
avg_s:	1.06045023028
std_s:	0.00552651371872
list of FIS:	[1.125, 1.125, 1.125, 1.1666666666666667, 1.1666666666666667, 1.125, 1.125, 1.125, 1.125, 1.1666666666666667, 1.125, 1.125, 1.1666666666666667, 1.125, 1.125, 1.125, 1.125, 1.125, 1.125, 1.1666666666666667, 1.125, 1.125, 1.125, 1.125, 1.125, 1.125, 1.125, 1.125, 1.125, 1.2, 1.125, 1.125, 1.125, 1.125, 1.125, 1.125, 1.1428571428571428, 1.125, 1.125, 1.125, 1.125, 1.125, 1.125, 1.125, 1.125, 1.125, 1.125, 1.125, 1.125, 1.125, 1.125, 1.125, 1.125, 1.125, 1.125, 1.125, 1.125, 1.125, 1.125, 1.125, 1.125, 1.125, 1.1428571428571428, 1.125, 1.125, 1.125, 1.125, 1.125, 1.125, 1.125, 1.125, 1.125, 1.125, 1.125, 1.125, 1.125, 1.125, 1.125, 1.125, 1.125, 1.125, 1.125, 1.125, 1.125, 1.125]
avg_FIS:	1.1287535014
std_FIS:	0.0127921874282
s_of_avg_FIS:	1.06048304856
