list of s:	[1.0, 1.0, 1.0, 1.0, 1.0, 1.0, 1.0, 1.0, 1.0, 1.0, 1.0, 1.0, 1.0, 1.0, 1.0, 1.0, 1.0, 1.0, 1.0, 1.0, 1.0, 1.0]
avg_s:	1.0
std_s:	0.0
list of theta:	[2.2325581395348837, 0.71641791044776104, 0.71641791044776104, 2.2325581395348837, 2.333333333333333, 2.2325581395348837, 2.2325581395348837, 0.71641791044776104, 0.71641791044776104, 0.71641791044776104, 0.71641791044776104, 0.71641791044776104, 0.71641791044776104, 0.71641791044776104, 0.71641791044776104, 2.2325581395348837, 2.2325581395348837, 2.2325581395348837, 2.333333333333333, 0.33333333333333348, 1.956521739130435, 1.956521739130435]
avg_theta:	1.4411422527
std_theta:	0.78640562491
list of theta_M:	[1.054945054945055, 0.52747252747252737, 0.52747252747252737, 1.054945054945055, 1.0769230769230769, 1.054945054945055, 1.054945054945055, 0.52747252747252737, 0.52747252747252737, 0.52747252747252737, 0.52747252747252737, 0.52747252747252737, 0.52747252747252737, 0.52747252747252737, 0.52747252747252737, 1.054945054945055, 1.054945054945055, 1.054945054945055, 1.0769230769230769, 0.28571428571428581, 0.98901098901098905, 0.98901098901098905]
avg_theta_M:	0.776223776224
std_theta_M:	0.282385011663
