list of FIS:	[0.94243723208818131, 0.93701298701298708, 1.0, 0.96880703500912557, 1.0, 0.91037191037191034, 0.90120915873424234, 1.0, 1.0, 1.0, 0.94300822561692133, 1.0, 1.0, 1.0, 0.96686410850716797, 1.0, 0.95312689738919243, 0.98643878228653314, 0.96257716049382713, 1.0, 0.98151940938318649, 1.0, 1.0, 0.97192068316688374, 1.0, 1.0, 1.0, 0.98623051403702777, 1.0, 0.97423510466988728, 1.0, 1.0, 1.0, 1.0, 1.0, 1.0, 0.92257690556038585, 0.43118184497494849, 0.78591549295774643, 0.43125183230724129, 0.90759704691593235, 0.94581949188228132, 0.91141001855287573, 0.90157211209842791, 0.97366938890453392, 0.91000502765208646, 1.0, 0.95404761904761903, 0.8778394271352018, 0.94438243144867751, 0.93622377622377617, 1.0, 0.96128646023880004, 1.0, 1.0, 1.0, 0.95686347550754325, 1.0, 0.95241617357001973, 1.0, 0.90362642821659211, 1.0, 0.94421965317919077, 1.0, 1.0, 0.98806763733036573, 0.94164536020454204, 1.0, 0.79736147757255937, 1.0, 1.0, 1.0, 1.0, 1.0, 0.98465147719591239, 1.0, 0.97579085293567103, 0.85543071161048689, 1.0, 1.0, 1.0, 0.89472722288220785, 0.90049492055222713, 1.0, 1.0, 1.0, 1.0, 1.0, 1.0, 0.9164502164502164, 1.0, 1.0, 1.0, 0.94444444444444442, 0.7972602739726028, 1.0, 0.94925780733823728, 0.93813765182186237, 0.94857447375432991, 0.96513926325247079, 0.96859571023876967, 0.97489648033126297, 1.0, 1.0, 0.92039595792947004, 0.95128688010043938, 0.96156909597769813, 1.0, 1.0, 0.96075241484494156, 1.0, 1.0, 0.96245059288537549, 1.0, 0.91417484592558773, 1.0, 0.89277736411020103, 1.0, -0.0025839793281652312, 0.87904423345182914, 0.89541778975741237, 0.86897166769568501, 1.0, 1.0, 0.97482792527040318, 0.87098930481283421, -0.0026109660574553661, 1.0, 0.92859785423603403]
avg_FIS:	0.943059308362
std_FIS:	0.144012349832
s_of_avg_FIS:	0.970695340387
g2:	27.0818707731
s_g2:	0.987889589615
list of genotyping error rate vector:	[-1.4053634352465307, -1.6320252383703071, 1.0, -0.30345395379379181, 1.0, -2.7452703784617958, -3.1281523793630535, 1.0, 1.0, 1.0, -1.3815034471740735, 1.0, 1.0, 1.0, -0.38464262026548712, 1.0, -0.95867661001489535, 0.4333202101163498, -0.56378042711816356, 1.0, 0.22775539564843578, 1.0, 1.0, -0.17334458448119336, 1.0, 1.0, 1.0, 0.42461734800154577, 1.0, -0.076632333506722439, 1.0, 1.0, 1.0, 1.0, 1.0, 1.0, -2.2352627777381477, -22.769086182541479, -7.9459048612998728, -22.766161636413234, -2.8612230217578256, -1.2640296472380108, -2.7018911673691379, -3.1129857224668962, -0.10027178077597175, -2.7606012305264507, 1.0, -0.92020260517531582, -4.1046985031695158, -1.3240797933068278, -1.6650038258138098, 1.0, -0.61771465078269472, 1.0, 1.0, 1.0, -0.80253699573171944, 1.0, -0.98837547873183507, 1.0, -3.0271424412223333, 1.0, -1.3308817750683013, 1.0, 1.0, 0.50138483775471876, -1.4384532212905863, 1.0, -7.4676138778808383, 1.0, 1.0, 1.0, 1.0, 1.0, 0.35863446326006543, 1.0, -0.011622603628946557, -5.041086847742565, 1.0, 1.0, 1.0, -3.3990116874488301, -3.1579981020306671, 1.0, 1.0, 1.0, 1.0, 1.0, 1.0, -2.4912774639551207, 1.0, 1.0, 1.0, -1.3214884691238711, -7.4718428517068327, 1.0, -1.120353472922192, -1.5850291034325059, -1.1489077915631012, -0.45671837092193274, -0.31228453811097839, -0.048995566017151104, 1.0, 1.0, -2.3263975837229611, -1.0355650305538131, -0.60590420982403903, 1.0, 1.0, -0.64003069481165609, 1.0, 1.0, -0.56906928150269487, 1.0, -2.5863578998014969, 1.0, -3.4804900312502394, 1.0, -40.894768652095877, -4.0543535116811125, -3.370155112765798, -4.4752537263139622, 1.0, 1.0, -0.051860262116300571, -4.3909431428718753, -40.895896340951474, 1.0, -1.9836666451114782]
avg_genotyping error rate vector:	-1.37936886313
std_genotyping error rate vector:	6.01781417184
