list of s:	[1.0588235294117647, 1.0588235294117647, 1.0588235294117647, 1.0588235294117647, 0.82352941176470584, 0.0, 0.0, 1.0666666666666667, 1.0588235294117647, 1.0588235294117647, 1.0588235294117647, 0.90756302521008403, 1.0909090909090908, 1.0588235294117647, 1.0588235294117647, 1.0588235294117647, 1.0588235294117647, 1.0588235294117647, 1.0588235294117647, 1.0588235294117647, 1.0588235294117647, 1.0588235294117647, 0.93425605536332179, 0.93425605536332179, 0.0, 1.0588235294117647, 1.0588235294117647, 1.0588235294117647, 1.0588235294117647, 0.0, 0.93425605536332179, 0.82352941176470584, 1.0588235294117647, 1.0909090909090908, 1.0588235294117647, 1.0666666666666667, 0.0, 0.82352941176470584, 0.82352941176470584, 1.0588235294117647, 1.0588235294117647, 1.0588235294117647, 1.0588235294117647, 1.0588235294117647, 1.0588235294117647, 1.0588235294117647, 1.0588235294117647, 1.0588235294117647, 1.0588235294117647, 0.93425605536332179, 0.93425605536332179, 1.0588235294117647, 1.0588235294117647, 1.0588235294117647, 1.0588235294117647, 1.0588235294117647, 1.0588235294117647, 1.0666666666666667, 1.0588235294117647, 1.0588235294117647, 1.0588235294117647, 1.0666666666666667, 1.0588235294117647, 1.0588235294117647, 1.0588235294117647, 1.0588235294117647, 1.0588235294117647, 1.0588235294117647, 1.0588235294117647, 1.0588235294117647, 1.0588235294117647, 1.0588235294117647, 1.0588235294117647, 1.0666666666666667, 1.0909090909090908, 1.0588235294117647, 1.0588235294117647]
avg_s:	0.969551846018
std_s:	0.264505603491
list of FIS:	[1.125, 1.125, 1.125, 1.125, 0.69999999999999996, 0.0, 0.0, 1.1428571428571428, 1.125, 1.125, 1.125, 0.83076923076923082, 1.2, 1.125, 1.125, 1.125, 1.125, 1.125, 1.125, 1.125, 1.125, 1.125, 0.87662337662337664, 0.87662337662337664, 0.0, 1.125, 1.125, 1.125, 1.125, 0.0, 0.87662337662337664, 0.69999999999999996, 1.125, 1.2, 1.125, 1.1428571428571428, 0.0, 0.69999999999999996, 0.69999999999999996, 1.125, 1.125, 1.125, 1.125, 1.125, 1.125, 1.125, 1.125, 1.125, 1.125, 0.87662337662337664, 0.87662337662337664, 1.125, 1.125, 1.125, 1.125, 1.125, 1.125, 1.1428571428571428, 1.125, 1.125, 1.125, 1.1428571428571428, 1.125, 1.125, 1.125, 1.125, 1.125, 1.125, 1.125, 1.125, 1.125, 1.125, 1.125, 1.1428571428571428, 1.2, 1.125, 1.125]
avg_FIS:	1.01400223153
std_FIS:	0.292796004385
s_of_avg_FIS:	1.00695244092
