list of s:	[1.0158730158730158, 1.0158730158730158, 1.0163934426229511, 1.0188679245283021, 1.0158730158730158, 1.0158730158730158, 1.0158730158730158, 1.0158730158730158, 1.0158730158730158, 1.0158730158730158, 0.0, 1.0169491525423731, 1.0163934426229511, 1.0158730158730158, 1.0158730158730158, 1.0158730158730158, 1.0158730158730158, 1.0158730158730158, 1.0163934426229511, 1.0163934426229511, 1.0169491525423731, 1.0175438596491229, 1.0175438596491229, 1.0158730158730158, 1.0169491525423731, 1.0158730158730158, 1.0158730158730158, 1.0163934426229511, 1.0181818181818181, 1.0163934426229511, 1.0163934426229511, 1.0158730158730158, 1.0158730158730158, 1.0158730158730158, 1.0158730158730158, 1.0163934426229511, 1.0158730158730158, 1.0169491525423731, 1.0158730158730158, 1.0175438596491229, 1.0163934426229511, 1.0158730158730158, 1.0158730158730158, 1.0158730158730158, 1.0158730158730158, 1.0158730158730158, 1.0158730158730158, 1.0158730158730158, 1.0163934426229511, 1.0158730158730158, 1.0158730158730158, 1.0163934426229511, 1.0158730158730158, 1.0158730158730158, 1.0158730158730158, 1.0158730158730158, 1.0158730158730158, 1.0158730158730158, 1.0163934426229511, 1.0163934426229511, 1.0163934426229511, 1.0169491525423731]
avg_s:	0.999858659168
std_s:	0.12906535041
list of FIS:	[1.032258064516129, 1.032258064516129, 1.0333333333333334, 1.0384615384615385, 1.032258064516129, 1.032258064516129, 1.032258064516129, 1.032258064516129, 1.032258064516129, 1.032258064516129, 0.0, 1.0344827586206897, 1.0333333333333334, 1.032258064516129, 1.032258064516129, 1.032258064516129, 1.032258064516129, 1.032258064516129, 1.0333333333333334, 1.0333333333333334, 1.0344827586206897, 1.0357142857142858, 1.0357142857142858, 1.032258064516129, 1.0344827586206897, 1.032258064516129, 1.032258064516129, 1.0333333333333334, 1.037037037037037, 1.0333333333333334, 1.0333333333333334, 1.032258064516129, 1.032258064516129, 1.032258064516129, 1.032258064516129, 1.0333333333333334, 1.032258064516129, 1.0344827586206897, 1.032258064516129, 1.0357142857142858, 1.0333333333333334, 1.032258064516129, 1.032258064516129, 1.032258064516129, 1.032258064516129, 1.032258064516129, 1.032258064516129, 1.032258064516129, 1.0333333333333334, 1.032258064516129, 1.032258064516129, 1.0333333333333334, 1.032258064516129, 1.032258064516129, 1.032258064516129, 1.032258064516129, 1.032258064516129, 1.032258064516129, 1.0333333333333334, 1.0333333333333334, 1.0333333333333334, 1.0344827586206897]
avg_FIS:	1.01637532709
std_FIS:	0.131202171576
s_of_avg_FIS:	1.00812117014
