list of s:	[1.0344827586206897, 1.04, 1.0344827586206897, 1.0370370370370372, 1.04, 1.04, 1.0344827586206897, 1.0344827586206897, 1.04, 1.0370370370370372, 1.0370370370370372, 1.0344827586206897, 1.04, 1.0370370370370372, 1.0344827586206897, 1.0344827586206897, 1.0344827586206897, 1.0370370370370372, 1.04, 1.0344827586206897, 1.04, 1.04, 1.04, 1.0344827586206897, 1.0344827586206897, 1.0344827586206897, 1.0344827586206897, 1.0344827586206897, 1.04, 1.0370370370370372, 1.0344827586206897, 1.0344827586206897, 1.04, 1.0370370370370372, 1.0370370370370372, 1.0344827586206897, 1.0370370370370372, 1.04, 1.0344827586206897, 1.0344827586206897, 1.0344827586206897, 1.04, 1.0370370370370372, 1.0344827586206897, 1.0344827586206897, 1.0434782608695652, 1.04]
avg_s:	1.03686104938
std_s:	0.00258119129459
list of FIS:	[1.0714285714285714, 1.0833333333333333, 1.0714285714285714, 1.0769230769230769, 1.0833333333333333, 1.0833333333333333, 1.0714285714285714, 1.0714285714285714, 1.0833333333333333, 1.0769230769230769, 1.0769230769230769, 1.0714285714285714, 1.0833333333333333, 1.0769230769230769, 1.0714285714285714, 1.0714285714285714, 1.0714285714285714, 1.0769230769230769, 1.0833333333333333, 1.0714285714285714, 1.0833333333333333, 1.0833333333333333, 1.0833333333333333, 1.0714285714285714, 1.0714285714285714, 1.0714285714285714, 1.0714285714285714, 1.0714285714285714, 1.0833333333333333, 1.0769230769230769, 1.0714285714285714, 1.0714285714285714, 1.0833333333333333, 1.0769230769230769, 1.0769230769230769, 1.0714285714285714, 1.0769230769230769, 1.0833333333333333, 1.0714285714285714, 1.0714285714285714, 1.0714285714285714, 1.0833333333333333, 1.0769230769230769, 1.0714285714285714, 1.0714285714285714, 1.0909090909090908, 1.0833333333333333]
avg_FIS:	1.07655819358
std_FIS:	0.00557323071814
s_of_avg_FIS:	1.03686782957
