list of FIS:	[0.6462585034013606, 0.90769230769230769, 0.90769230769230769, 1.0, 1.0, 0.83333333333333337, 0.62318840579710144, 1.0, 1.0, 0.88583509513742076, 1.0, 1.0, 0.9126050420168067, 0.88583509513742076, 0.90669371196754567, 1.0, 1.0, 0.77959183673469379, 1.0, 0.92592592592592593, 0.90669371196754567, 1.0, 1.0, 1.0, 1.0, 0.92426367461430581, 1.0, 1.0, 1.0, 1.0, 1.0, 1.0, 1.0, 1.0, 1.0, 1.0, 1.0, 1.0, 1.0, 0.86563307493540054, 1.0, 0.83150183150183155, 0.83586626139817632, 0.775609756097561, 0.89277389277389274, 0.89868667917448408, 0.64705882352941169, 1.0, 1.0, 1.0, 0.89277389277389274, 1.0, 1.0, 1.0, 1.0, 1.0, 1.0, 0.77959183673469379, 0.91879699248120306, 1.0, 0.91414944356120831, 0.7795918367346939, 0.83586626139817632, 1.0, 1.0, 1.0, 0.91414944356120831, 0.83150183150183155, 0.91304347826086962, 0.83150183150183155, 1.0, 0.89743589743589747, 1.0, 1.0, 0.8666666666666667, 1.0, -0.045454545454545414, 0.90769230769230769, 0.92207792207792205, 1.0, 1.0, 0.89868667917448408, 1.0, 1.0, 0.77450980392156865, 0.91033138401559455, 0.82638888888888884, 1.0, 1.0, 0.82236842105263164, 1.0, 0.91033138401559455, 1.0, 0.70652173913043481, 1.0, 1.0, 1.0, 1.0, 1.0, 0.90769230769230769, 1.0, 1.0, 1.0, 0.8666666666666667, 0.7795918367346939, 1.0, 0.9041394335511983, 1.0, 0.8666666666666667, 1.0, 1.0, 1.0, 0.86186186186186187, 1.0, 1.0, 1.0, 1.0, 1.0, 1.0, 1.0, 1.0, 1.0, 1.0, 1.0, 0.92551724137931035, 1.0, 1.0, 0.92426367461430581, 1.0, 0.92207792207792205, 1.0, 1.0, 1.0, 0.92426367461430581]
avg_FIS:	0.937940328014
std_FIS:	0.119617557249
s_of_avg_FIS:	0.967976479415
g2:	38.0402043267
s_g2:	0.991338249746
list of genotyping error rate vector:	[-19.596617693649268, -4.3746203567451651, -4.3746203567451651, 1.0, 1.0, -8.7041756441232128, -20.939875369322049, 1.0, 1.0, -5.6472577350865123, 1.0, 1.0, -4.0885761360780561, -5.6472577350865123, -4.4327636466085316, 1.0, 1.0, -11.833277178350706, 1.0, -3.3129669529436505, -4.4327636466085316, 1.0, 1.0, 1.0, 1.0, -3.4097516250994655, 1.0, 1.0, 1.0, 1.0, 1.0, 1.0, 1.0, 1.0, 1.0, 1.0, 1.0, 1.0, 1.0, -6.8235214495256908, 1.0, -8.810814936915774, -8.5566957711122207, -12.065134037941498, -5.2432458689464054, -4.8989735622812765, -19.550019011084458, 1.0, 1.0, 1.0, -5.2432458689464054, 1.0, 1.0, 1.0, 1.0, 1.0, 1.0, -11.833277178350706, -3.7280494867607814, 1.0, -3.9986532729664863, -11.833277178350698, -8.5566957711122207, 1.0, 1.0, 1.0, -3.9986532729664863, -8.810814936915774, -4.0630481621512384, -8.810814936915774, 1.0, -4.9718003963835145, 1.0, 1.0, -6.7633405152985695, 1.0, -59.871647222227438, -4.3746203567451651, -3.5370171842654003, 1.0, 1.0, -4.8989735622812765, 1.0, 1.0, -12.129178812637289, -4.2209599956686299, -9.1085162959616834, 1.0, 1.0, -9.342608252289212, 1.0, -4.2209599956686299, 1.0, -16.08778754726044, 1.0, 1.0, 1.0, 1.0, 1.0, -4.3746203567451651, 1.0, 1.0, 1.0, -6.7633405152985695, -11.833277178350698, 1.0, -4.5814866449858984, 1.0, -6.7633405152985695, 1.0, 1.0, 1.0, -7.0431005338678894, 1.0, 1.0, 1.0, 1.0, 1.0, 1.0, 1.0, 1.0, 1.0, 1.0, 1.0, -3.336762632684029, 1.0, 1.0, -3.4097516250994655, 1.0, -3.5370171842654003, 1.0, 1.0, 1.0, -3.4097516250994655]
avg_genotyping error rate vector:	-2.61342774424
std_genotyping error rate vector:	6.96473871402
