list of s:	[1.0, 0.96997690531177827, 1.0, 0.96997690531177816, 1.0, 1.0, 0.97198275862068961, 1.0, 1.0, 0.94758064516129037, 0.97198275862068961, 0.93658536585365859, 1.0, 0.97198275862068961, 1.0, 1.0, 1.0, 1.0, 1.0, 1.0, 0.94758064516129026, 1.0, 1.0, 1.0, 0.95972579263067692, 1.0, 1.0, 1.0, 1.0, 1.0, 1.0, 0.96904441453566625, 1.0, 0.93023255813953498, 0.93605442176870735, 0.91814946619217075, 0.96539792387543244, 1.0, 1.0, 0.91625615763546797, 0.94660194174757284, 1.0, 0.96585365853658534, 1.0, 0.96678445229681986, 0.96997690531177816, 0.96997690531177827, 0.97198275862068961, 1.0, 0.97331910352187834, 1.0, 1.0, 0.93658536585365859, 0.94688221709006926, 1.0, 1.0, 1.0, 1.0, 1.0, 1.0, 1.0, 1.0, 0.97198275862068961, 0.93658536585365859, 0.97198275862068961, 1.0, 0.93658536585365859, 0.93658536585365859, 1.0, 1.0, 0.97363083164300201, 1.0, 1.0, 1.0, 1.0, 1.0, 1.0, 0.97499999999999998, 1.0, 1.0, 1.0, 1.0, 0.97198275862068961, 0.96678445229681986, 0.96997690531177827, 1.0, 1.0, 1.0, 1.0, 1.0, 1.0, 1.0, 1.0, 1.0, 1.0, 1.0, 1.0, 1.0, 1.0, 0.96922069417157819, 1.0]
avg_s:	0.985255346956
std_s:	0.0228293758633
list of FIS:	[1.0, 0.94170403587443952, 1.0, 0.9417040358744394, 1.0, 1.0, 0.9454926624737946, 1.0, 1.0, 0.90038314176245215, 0.9454926624737946, 0.88073394495412849, 1.0, 0.9454926624737946, 1.0, 1.0, 1.0, 1.0, 1.0, 1.0, 0.90038314176245204, 1.0, 1.0, 1.0, 0.92257001647446468, 1.0, 1.0, 1.0, 1.0, 1.0, 1.0, 0.93994778067885121, 1.0, 0.86956521739130443, 0.87979539641943727, 0.84868421052631582, 0.93311036789297652, 1.0, 1.0, 0.84545454545454546, 0.89861751152073732, 1.0, 0.93396226415094341, 1.0, 0.93570451436388513, 0.9417040358744394, 0.94170403587443952, 0.9454926624737946, 1.0, 0.94802494802494808, 1.0, 1.0, 0.88073394495412849, 0.89912280701754388, 1.0, 1.0, 1.0, 1.0, 1.0, 1.0, 1.0, 1.0, 0.9454926624737946, 0.88073394495412849, 0.9454926624737946, 1.0, 0.88073394495412849, 0.88073394495412849, 1.0, 1.0, 0.9486166007905138, 1.0, 1.0, 1.0, 1.0, 1.0, 1.0, 0.95121951219512191, 1.0, 1.0, 1.0, 1.0, 0.9454926624737946, 0.93570451436388513, 0.94170403587443952, 1.0, 1.0, 1.0, 1.0, 1.0, 1.0, 1.0, 1.0, 1.0, 1.0, 1.0, 1.0, 1.0, 1.0, 0.94027954256670909, 1.0]
avg_FIS:	0.971898857176
std_FIS:	0.0430919402967
s_of_avg_FIS:	0.985749196658
weir1984_multi_loci_s:	0.970449214493
