list of s:	[-0.022222222222213064, -0.022222222222213064, -0.055555555555555441]
avg_s:	-0.0333333333333
std_s:	0.019245008973
list of FIS:	[-0.010989010989006509, -0.010989010989006509, -0.027027027027026973]
avg_FIS:	-0.016335016335
std_FIS:	0.00925955287682
s_of_avg_FIS:	-0.0332125603865
