list of s:	[1.0909090909090908, 1.0909090909090908, 1.0909090909090908, 1.0909090909090908, 1.0909090909090908, 1.0909090909090908, 1.0909090909090908, 1.0909090909090908, 1.0909090909090908, 1.1111111111111112, 1.0909090909090908, 1.1111111111111112, 1.0909090909090908, 1.0909090909090908, 1.0909090909090908, 1.0909090909090908, 1.0909090909090908, 1.0909090909090908, 1.0909090909090908, 1.0909090909090908, 1.0909090909090908, 1.1111111111111112, 1.0909090909090908, 1.0909090909090908, 1.0909090909090908, 1.0909090909090908, 1.0909090909090908, 1.0909090909090908, 1.0909090909090908, 1.0909090909090908, 1.0909090909090908, 1.1111111111111112, 1.0909090909090908, 1.0909090909090908, 1.1111111111111112, 1.0909090909090908, 1.0909090909090908, 1.1111111111111112, 1.0909090909090908, 1.1111111111111112, 1.0909090909090908, 1.0909090909090908, 1.0909090909090908, 1.1111111111111112, 1.0909090909090908, 1.0909090909090908, 1.0909090909090908, 1.0909090909090908, 1.0909090909090908, 1.0909090909090908, 1.0909090909090908, 1.0909090909090908, 1.0909090909090908, 1.0909090909090908, 1.0909090909090908, 1.0909090909090908, 1.0909090909090908, 1.1111111111111112, 1.0909090909090908, 1.0909090909090908, 1.0909090909090908, 1.0909090909090908, 1.0909090909090908, 1.0909090909090908, 1.0909090909090908, 1.0909090909090908, 1.0909090909090908, 1.0909090909090908, 1.0909090909090908, 1.0909090909090908, 1.1111111111111112, 1.0909090909090908, 1.0909090909090908, 1.0909090909090908, 1.0909090909090908, 1.0909090909090908, 1.1111111111111112, 1.0909090909090908, 1.0909090909090908, 1.0909090909090908, 1.0909090909090908, 1.0909090909090908, 1.1111111111111112, 1.0909090909090908, 1.0909090909090908, 1.0909090909090908, 1.0909090909090908]
avg_s:	1.09369557645
std_s:	0.00700659804956
list of FIS:	[1.2, 1.2, 1.2, 1.2, 1.2, 1.2, 1.2, 1.2, 1.2, 1.25, 1.2, 1.25, 1.2, 1.2, 1.2, 1.2, 1.2, 1.2, 1.2, 1.2, 1.2, 1.25, 1.2, 1.2, 1.2, 1.2, 1.2, 1.2, 1.2, 1.2, 1.2, 1.25, 1.2, 1.2, 1.25, 1.2, 1.2, 1.25, 1.2, 1.25, 1.2, 1.2, 1.2, 1.25, 1.2, 1.2, 1.2, 1.2, 1.2, 1.2, 1.2, 1.2, 1.2, 1.2, 1.2, 1.2, 1.2, 1.25, 1.2, 1.2, 1.2, 1.2, 1.2, 1.2, 1.2, 1.2, 1.2, 1.2, 1.2, 1.2, 1.25, 1.2, 1.2, 1.2, 1.2, 1.2, 1.25, 1.2, 1.2, 1.2, 1.2, 1.2, 1.25, 1.2, 1.2, 1.2, 1.2]
avg_FIS:	1.20689655172
std_FIS:	0.0173413301727
s_of_avg_FIS:	1.09375
