list of s:	[1.0, 0.9943514482474014, 0.99499273138426747, 1.0, 1.0, 0.98939252565928404, 1.0, 1.0, 1.0, 1.0, 0.98700373865052515, 0.99280955208127186, 0.9929068654943749, 1.0, 0.99370776042880449, 1.0, 1.0, 0.99506416584402768, 1.0, 1.0, 0.99523612712362142, 0.99397788896545514, 1.0, 0.99393871366034348, 0.99480531859124055, 1.0, 1.0, 0.98633143143770763, 1.0, 1.0, 1.0, 1.0, 1.0, 1.0, 1.0, 1.0, 1.0, 1.0, 0.99067909454061243, 1.0, 1.0, 1.0, 0.99250319985372093, 0.99542420553293309, 1.0, 1.0, 0.99423365544116493, 1.0, 1.0, 1.0, 1.0, 1.0, 1.0, 0.99508765604578853, 1.0, 1.0, 1.0, 0.99505842146584778, 0.99004745887665302, 1.0, 1.0, 1.0, 0.99532981814268806, 0.99525429799426945, 1.0, 1.0, 1.0, 0.99348986455215815, 1.0, 1.0, 1.0, 1.0, 0.99526045648138028, 1.0, 0.99409630070952715, 1.0, 1.0, 1.0, 1.0, 0.97343826856861781, 0.99540917323000455, 0.98242234529255956, 1.0, 0.99517312820964932, 0.99095402406043087, 1.0, 0.99545369620726165, 0.99512953604829302, 1.0, 0.99458596342406624, 1.0, 1.0, 1.0, 0.99463272504217137, 0.99454561712020506, 1.0, 1.0, 0.99540917323000455, 1.0, 1.0, 1.0, 1.0, 0.99439675114378245, 0.9864242122306639, 0.98919376525073444, 1.0, 1.0, 1.0]
avg_s:	0.997297695151
std_s:	0.00447280052766
list of FIS:	[1.0, 0.98876635034624272, 0.99003535840565737, 1.0, 1.0, 0.97900772632295052, 1.0, 1.0, 1.0, 1.0, 0.97434094903339186, 0.98572177102436465, 0.98591364738255904, 1.0, 0.98749421028253825, 1.0, 1.0, 0.99017681728880158, 1.0, 1.0, 0.99051742801472187, 0.98802787539460357, 1.0, 0.98795046301461564, 0.9896643277071876, 1.0, 1.0, 0.97303148388693017, 1.0, 1.0, 1.0, 1.0, 1.0, 1.0, 1.0, 1.0, 1.0, 1.0, 0.98153034300791553, 1.0, 1.0, 1.0, 0.98511796733212342, 0.99089009611366485, 1.0, 1.0, 0.98853343106968961, 1.0, 1.0, 1.0, 1.0, 1.0, 1.0, 0.99022333841600141, 1.0, 1.0, 1.0, 0.99016544117647065, 0.9802910716729778, 1.0, 1.0, 1.0, 0.99070305471059505, 0.99055342661081902, 1.0, 1.0, 1.0, 0.98706394457727908, 1.0, 1.0, 1.0, 1.0, 0.99056562758140954, 1.0, 0.98826189963385747, 1.0, 1.0, 1.0, 1.0, 0.9482510781025395, 0.99086030521549551, 0.9654519640321817, 1.0, 0.99039262996271116, 0.98207024029574863, 1.0, 0.99094854308741465, 0.99030628498611928, 1.0, 0.98923023475110416, 1.0, 1.0, 1.0, 0.98932275777913359, 0.98915041204719278, 1.0, 1.0, 0.99086030521549551, 1.0, 1.0, 1.0, 1.0, 0.9888559451998773, 0.97321209142295406, 0.97861858311163663, 1.0, 1.0, 1.0]
avg_FIS:	0.994648883567
std_FIS:	0.00880861820898
s_of_avg_FIS:	0.997317263967
weir1984_multi_loci_s:	0.994415376615
