list of s:	[1.0, 1.0, 1.0, 1.0, 1.0, 1.0, 1.0, 1.0, 1.0, 1.0, 1.0, 1.0, 1.0, 1.0, 1.0, 1.0, 1.0, 1.0, 1.0, 1.0, 1.0, 1.0, 1.0, 1.0, 1.0, 1.0, 1.0, 1.0, 1.0, 1.0, 1.0, 1.0, 1.0, 1.0, 1.0, 1.0, 1.0, 1.0, 1.0, 1.0, 1.0, 1.0, 1.0, 1.0, 1.0, 1.0, 1.0, 1.0]
avg_s:	1.0
std_s:	0.0
list of theta:	[1.3333333333333335, 1.3333333333333335, 1.3333333333333335, 1.3333333333333335, 1.3333333333333335, 1.3333333333333335, 1.3333333333333335, 2.0, 1.3333333333333335, 1.3333333333333335, 2.0, 1.3333333333333335, 1.3333333333333335, 2.0, 2.9999999999999996, 1.3333333333333335, 2.0, 2.0, 1.3333333333333335, 1.3333333333333335, 1.3333333333333335, 1.3333333333333335, 1.3333333333333335, 2.0, 2.9999999999999996, 1.3333333333333335, 2.9999999999999996, 2.0, 1.3333333333333335, 1.3333333333333335, 1.3333333333333335, 1.3333333333333335, 1.3333333333333335, 1.3333333333333335, 1.3333333333333335, 1.3333333333333335, 2.0, 1.3333333333333335, 1.3333333333333335, 1.3333333333333335, 2.0, 1.3333333333333335, 1.3333333333333335, 1.3333333333333335, 1.3333333333333335, 2.0, 1.3333333333333335, 1.3333333333333335]
avg_theta:	1.57638888889
std_theta:	0.459928986878
list of theta_M:	[0.80000000000000004, 0.80000000000000004, 0.80000000000000004, 0.80000000000000004, 0.80000000000000004, 0.80000000000000004, 0.80000000000000004, 1.0, 0.80000000000000004, 0.80000000000000004, 1.0, 0.80000000000000004, 0.80000000000000004, 1.0, 1.2, 0.80000000000000004, 1.0, 1.0, 0.80000000000000004, 0.80000000000000004, 0.80000000000000004, 0.80000000000000004, 0.80000000000000004, 1.0, 1.2, 0.80000000000000004, 1.2, 1.0, 0.80000000000000004, 0.80000000000000004, 0.80000000000000004, 0.80000000000000004, 0.80000000000000004, 0.80000000000000004, 0.80000000000000004, 0.80000000000000004, 1.0, 0.80000000000000004, 0.80000000000000004, 0.80000000000000004, 1.0, 0.80000000000000004, 0.80000000000000004, 0.80000000000000004, 0.80000000000000004, 1.0, 0.80000000000000004, 0.80000000000000004]
avg_theta_M:	0.866666666667
std_theta_M:	0.119098266835
