list of s:	[1.0, 1.0, 0.0, 0.79452054794520566, 0.0, 0.0, 1.0]
avg_s:	0.542074363992
std_s:	0.512241900607
list of theta:	[0.12121212121212126, 0.12121212121212126, 0.029411764705882363, 0.17339667458432304, 0.029411764705882363, 0.029411764705882363, 0.12121212121212126]
avg_theta:	0.0893240474769
std_theta:	0.05900169383
list of theta_M:	[0.11428571428571432, 0.11428571428571432, 0.028571428571428581, 0.15698924731182795, 0.028571428571428581, 0.028571428571428581, 0.11428571428571432]
avg_theta_M:	0.0836515251262
std_theta_M:	0.0536892808066
