list of s:	[1.0370370370370372, 1.0370370370370372, 1.0370370370370372, 1.0370370370370372, 1.04, 1.0370370370370372, 1.0370370370370372, 1.0370370370370372, 1.0370370370370372, 1.0370370370370372, 1.0370370370370372, 1.0370370370370372, 1.0370370370370372, 1.0370370370370372, 1.0370370370370372, 1.0370370370370372, 1.0370370370370372, 1.0370370370370372, 1.0370370370370372, 1.0370370370370372, 1.0370370370370372, 1.0370370370370372]
avg_s:	1.03717171717
std_s:	0.000631705826239
list of FIS:	[1.0769230769230769, 1.0769230769230769, 1.0769230769230769, 1.0769230769230769, 1.0833333333333333, 1.0769230769230769, 1.0769230769230769, 1.0769230769230769, 1.0769230769230769, 1.0769230769230769, 1.0769230769230769, 1.0769230769230769, 1.0769230769230769, 1.0769230769230769, 1.0769230769230769, 1.0769230769230769, 1.0769230769230769, 1.0769230769230769, 1.0769230769230769, 1.0769230769230769, 1.0769230769230769, 1.0769230769230769]
avg_FIS:	1.07721445221
std_FIS:	0.00136667125869
s_of_avg_FIS:	1.0371721139
