list of s:	[1.0434782608695652, 1.0666666666666667, 1.0666666666666667, 1.0666666666666667, 1.0588235294117647, 1.0434782608695652, 1.0476190476190477, 1.0434782608695652, 1.0434782608695652, 1.0434782608695652, 1.0434782608695652, 1.0434782608695652, 1.0434782608695652, 1.0434782608695652, 1.0434782608695652]
avg_s:	1.04941501238
std_s:	0.00977260966026
list of FIS:	[1.0909090909090908, 1.1428571428571428, 1.1428571428571428, 1.1428571428571428, 1.125, 1.0909090909090908, 1.1000000000000001, 1.0909090909090908, 1.0909090909090908, 1.0909090909090908, 1.0909090909090908, 1.0909090909090908, 1.0909090909090908, 1.0909090909090908, 1.0909090909090908]
avg_FIS:	1.10417748918
std_FIS:	0.021876078137
s_of_avg_FIS:	1.04950983922
