list of s:	[1.0, 1.0, 1.0, 1.0, 1.0, 1.0, 1.0, 1.0, 1.0, 1.0, 1.0, 1.0, 1.0, 1.0, 1.0, 1.0, 1.0, 1.0, 1.0, 1.0, 1.0, 1.0, 1.0, 1.0, 1.0, 1.0, 1.0, 1.0, 1.0, 1.0, 1.0, 1.0, 1.0, 1.0, 1.0, 1.0, 1.0, 1.0, 1.0, 1.0, 1.0, 1.0, 1.0, 1.0, 1.0, 1.0, 1.0, 1.0, 1.0, 1.0]
avg_s:	1.0
std_s:	0.0
list of theta:	[2.9999999999999996, 2.9999999999999996, 2.9999999999999996, 2.9999999999999996, 2.9999999999999996, 2.9999999999999996, 2.9999999999999996, 2.9999999999999996, 4.0000000000000009, 4.0000000000000009, 2.9999999999999996, 2.9999999999999996, 2.9999999999999996, 2.9999999999999996, 2.9999999999999996, 2.9999999999999996, 2.9999999999999996, 2.9999999999999996, 2.9999999999999996, 2.9999999999999996, 2.9999999999999996, 2.0, 2.9999999999999996, 2.9999999999999996, 2.9999999999999996, 2.9999999999999996, 2.9999999999999996, 4.0000000000000009, 2.9999999999999996, 2.9999999999999996, 2.9999999999999996, 2.9999999999999996, 2.9999999999999996, 2.9999999999999996, 2.9999999999999996, 2.9999999999999996, 2.9999999999999996, 2.9999999999999996, 4.0000000000000009, 2.9999999999999996, 2.9999999999999996, 2.9999999999999996, 4.0000000000000009, 2.9999999999999996, 2.9999999999999996, 2.9999999999999996, 2.9999999999999996, 2.9999999999999996, 2.9999999999999996, 2.0]
avg_theta:	3.06
std_theta:	0.373073281634
list of theta_M:	[1.2, 1.2, 1.2, 1.2, 1.2, 1.2, 1.2, 1.2, 1.3333333333333335, 1.3333333333333335, 1.2, 1.2, 1.2, 1.2, 1.2, 1.2, 1.2, 1.2, 1.2, 1.2, 1.2, 1.0, 1.2, 1.2, 1.2, 1.2, 1.2, 1.3333333333333335, 1.2, 1.2, 1.2, 1.2, 1.2, 1.2, 1.2, 1.2, 1.2, 1.2, 1.3333333333333335, 1.2, 1.2, 1.2, 1.3333333333333335, 1.2, 1.2, 1.2, 1.2, 1.2, 1.2, 1.0]
avg_theta_M:	1.20533333333
std_theta_M:	0.0584609876313
