list of s:	[1.1111111111111112, 1.1111111111111112, 1.1111111111111112, 1.1111111111111112, 1.1111111111111112, 1.1111111111111112, 1.1111111111111112, 1.142857142857143, 1.1111111111111112, 1.1111111111111112, 1.142857142857143, 1.1111111111111112, 1.1111111111111112, 1.142857142857143, 1.1111111111111112, 1.1111111111111112, 1.142857142857143, 1.142857142857143, 1.1111111111111112, 1.1111111111111112, 1.1111111111111112, 1.1111111111111112, 1.1111111111111112, 1.142857142857143, 1.1111111111111112, 1.1111111111111112, 1.1111111111111112, 1.142857142857143, 1.1111111111111112, 1.1111111111111112, 1.1111111111111112, 1.1111111111111112, 1.1111111111111112, 1.1111111111111112, 1.1111111111111112, 1.1111111111111112, 1.142857142857143, 1.1111111111111112, 1.1111111111111112, 1.1111111111111112, 1.142857142857143, 1.1111111111111112, 1.1111111111111112, 1.1111111111111112, 1.1111111111111112, 1.142857142857143, 1.1111111111111112, 1.1111111111111112]
avg_s:	1.11772486772
std_s:	0.0130290183837
list of FIS:	[1.25, 1.25, 1.25, 1.25, 1.25, 1.25, 1.25, 1.3333333333333333, 1.25, 1.25, 1.3333333333333333, 1.25, 1.25, 1.3333333333333333, 1.25, 1.25, 1.3333333333333333, 1.3333333333333333, 1.25, 1.25, 1.25, 1.25, 1.25, 1.3333333333333333, 1.25, 1.25, 1.25, 1.3333333333333333, 1.25, 1.25, 1.25, 1.25, 1.25, 1.25, 1.25, 1.25, 1.3333333333333333, 1.25, 1.25, 1.25, 1.3333333333333333, 1.25, 1.25, 1.25, 1.25, 1.3333333333333333, 1.25, 1.25]
avg_FIS:	1.26736111111
std_FIS:	0.0342011732572
s_of_avg_FIS:	1.11791730475
