list of s:	[1.008, 1.008, 1.008, 1.008, 1.008, 1.008, 1.008, 1.008, 1.008, 1.008, 1.0084033613445378, 1.008, 1.008, 1.008, 1.008, 1.008, 1.0082644628099173, 1.0084033613445378, 1.008, 1.008, 1.008, 1.0082644628099173, 1.008, 1.0085470085470085, 1.008, 1.0081300813008132, 1.0082644628099173, 1.0084033613445378, 1.008, 1.008, 1.008, 1.008, 1.008, 1.008, 1.0082644628099173, 1.008, 1.0082644628099173, 1.008, 1.008, 1.008, 1.008, 1.008, 1.008, 1.0082644628099173, 1.008, 1.0082644628099173, 1.008, 1.008, 1.008, 1.0082644628099173, 1.0081300813008132, 1.008, 1.008, 1.008, 1.0085470085470085, 1.0082644628099173, 1.008, 1.008, 1.0081300813008132, 1.008, 1.008, 1.0085470085470085, 1.0093457943925233, 1.008, 1.008, 1.008, 1.0082644628099173, 1.008, 1.008, 1.008, 1.008, 0.0, 1.008, 1.008]
avg_s:	0.994476105082
std_s:	0.117189324797
list of FIS:	[1.0161290322580645, 1.0161290322580645, 1.0161290322580645, 1.0161290322580645, 1.0161290322580645, 1.0161290322580645, 1.0161290322580645, 1.0161290322580645, 1.0161290322580645, 1.0161290322580645, 1.0169491525423728, 1.0161290322580645, 1.0161290322580645, 1.0161290322580645, 1.0161290322580645, 1.0161290322580645, 1.0166666666666666, 1.0169491525423728, 1.0161290322580645, 1.0161290322580645, 1.0161290322580645, 1.0166666666666666, 1.0161290322580645, 1.0172413793103448, 1.0161290322580645, 1.0163934426229508, 1.0166666666666666, 1.0169491525423728, 1.0161290322580645, 1.0161290322580645, 1.0161290322580645, 1.0161290322580645, 1.0161290322580645, 1.0161290322580645, 1.0166666666666666, 1.0161290322580645, 1.0166666666666666, 1.0161290322580645, 1.0161290322580645, 1.0161290322580645, 1.0161290322580645, 1.0161290322580645, 1.0161290322580645, 1.0166666666666666, 1.0161290322580645, 1.0166666666666666, 1.0161290322580645, 1.0161290322580645, 1.0161290322580645, 1.0166666666666666, 1.0163934426229508, 1.0161290322580645, 1.0161290322580645, 1.0161290322580645, 1.0172413793103448, 1.0166666666666666, 1.0161290322580645, 1.0161290322580645, 1.0163934426229508, 1.0161290322580645, 1.0161290322580645, 1.0172413793103448, 1.0188679245283019, 1.0161290322580645, 1.0161290322580645, 1.0161290322580645, 1.0166666666666666, 1.0161290322580645, 1.0161290322580645, 1.0161290322580645, 1.0161290322580645, 0.0, 1.0161290322580645, 1.0161290322580645]
avg_FIS:	1.00259628681
std_FIS:	0.11814679382
s_of_avg_FIS:	1.00129646042
