list of s:	[-0.0080645161290305682, 1.0, 1.0, -0.0080645161290305682]
avg_s:	0.495967741935
std_s:	0.582006319748
list of FIS:	[-0.0040160642570272742, 1.0, 1.0, -0.0040160642570272742]
avg_FIS:	0.497991967871
std_FIS:	0.57966894497
s_of_avg_FIS:	0.664879356568
