list of s:	[1.0, 0.84615384615384615, -0.06666666666666661, 0.84615384615384615, 1.0, 1.0, -0.071428571428572049, -0.06666666666666661, 0.77966101694915246, -0.06666666666666661, 0.92558139534883721, -0.076923076923076802, 0.90714285714285714, 1.0, 1.0, 0.91623036649214662, 1.0, 1.0, 1.0, 1.0, 1.0, 0.93073593073593064, 1.0, 0.91907514450867056, 0.93073593073593064, 1.0, 1.0, 1.0, -0.06666666666666661, -0.06666666666666661, 0.90714285714285714, -0.06666666666666661, -0.06666666666666661, -0.06666666666666661, 0.77966101694915246, 0.92558139534883721, 0.77966101694915246, 1.0, 1.0, -0.06666666666666661, 1.0, 0.91623036649214662, 0.91623036649214662, -0.06666666666666661, 0.77272727272727282, -0.06666666666666661, -0.090909090909092299, 0.83333333333333326, -0.06666666666666661, 0.82978723404255328, 0.82978723404255328, -0.06666666666666661, 1.0, 1.0, 1.0, 0.92558139534883721, 1.0, 1.0, 0.91623036649214662, 0.92558139534883721, -0.06666666666666661, 0.93073593073593064, 0.90714285714285714, 0.92558139534883721]
avg_s:	0.669529245243
std_s:	0.451981957282
list of FIS:	[1.0, 0.73333333333333339, -0.032258064516129004, 0.73333333333333339, 1.0, 1.0, -0.034482758620689946, -0.032258064516129004, 0.63888888888888884, -0.032258064516129004, 0.8614718614718615, -0.037037037037036979, 0.83006535947712412, 1.0, 1.0, 0.84541062801932365, 1.0, 1.0, 1.0, 1.0, 1.0, 0.87044534412955465, 1.0, 0.85026737967914445, 0.87044534412955465, 1.0, 1.0, 1.0, -0.032258064516129004, -0.032258064516129004, 0.83006535947712412, -0.032258064516129004, -0.032258064516129004, -0.032258064516129004, 0.63888888888888884, 0.8614718614718615, 0.63888888888888884, 1.0, 1.0, -0.032258064516129004, 1.0, 0.84541062801932365, 0.84541062801932365, -0.032258064516129004, 0.62962962962962976, -0.032258064516129004, -0.043478260869565855, 0.7142857142857143, -0.032258064516129004, 0.70909090909090911, 0.70909090909090911, -0.032258064516129004, 1.0, 1.0, 1.0, 0.8614718614718615, 1.0, 1.0, 0.84541062801932365, 0.8614718614718615, -0.032258064516129004, 0.87044534412955465, 0.83006535947712412, 0.8614718614718615]
avg_FIS:	0.644056575713
std_FIS:	0.423817724695
s_of_avg_FIS:	0.783496851905
