list of s:	[1.0044444444444445, 1.0036363636363637, 1.0036101083032491, 1.0037453183520602, 1.0036101083032491, 1.0035587188612098, 1.0036101083032491, 1.003717472118959, 1.0036363636363637, 1.0036101083032491, 1.0036900369003692, 1.0035587188612098, 1.003717472118959, 1.0036101083032491, 1.0036101083032491, 1.0036101083032491, 1.0035587188612098, 1.0036363636363637, 1.0035587188612098, 1.0036630036630036, 0.97146933353028786, 0.89195434010414865, 1.0035587188612098, 1.0036900369003692, 1.0037453183520602, 1.0036900369003692, 1.0036101083032491, 1.004524886877828, 1.003921568627451, 1.0036101083032491, 1.0035587188612098, 1.0036101083032491, 1.0035587188612098, 1.0036101083032491, 1.0035587188612098, 1.0035587188612098, 1.0036363636363637, 0.90265179899564929, 1.0036363636363637, 1.0035587188612098, 1.0035587188612098, 1.0036101083032491, 1.0036363636363637, 1.0035587188612098, 1.0036101083032491, 1.0036363636363637, 1.0047846889952152, 1.0035587188612098, 1.0036363636363637, 1.0035587188612098, 1.0036363636363637, 1.0036101083032491, 1.0036900369003692]
avg_s:	0.999060200883
std_s:	0.0208467729814
list of FIS:	[1.0089285714285714, 1.0072992700729928, 1.0072463768115942, 1.0075187969924813, 1.0072463768115942, 1.0071428571428571, 1.0072463768115942, 1.0074626865671641, 1.0072992700729928, 1.0072463768115942, 1.0074074074074073, 1.0071428571428571, 1.0074626865671641, 1.0072463768115942, 1.0072463768115942, 1.0072463768115942, 1.0071428571428571, 1.0072992700729928, 1.0071428571428571, 1.0073529411764706, 0.94452150548385749, 0.80497976968565199, 1.0071428571428571, 1.0074074074074073, 1.0075187969924813, 1.0074074074074073, 1.0072463768115942, 1.009090909090909, 1.0078740157480315, 1.0072463768115942, 1.0071428571428571, 1.0072463768115942, 1.0071428571428571, 1.0072463768115942, 1.0071428571428571, 1.0071428571428571, 1.0072992700729928, 0.82257554910054531, 1.0072992700729928, 1.0071428571428571, 1.0071428571428571, 1.0072463768115942, 1.0072992700729928, 1.0071428571428571, 1.0072463768115942, 1.0072992700729928, 1.0096153846153846, 1.0071428571428571, 1.0072992700729928, 1.0071428571428571, 1.0072992700729928, 1.0072463768115942, 1.0074074074074073]
avg_FIS:	0.998899508474
std_FIS:	0.0380459625277
s_of_avg_FIS:	0.9994494513
