list of s:	[1.1111111111111112, 1.1111111111111112, 1.1111111111111112, 1.1111111111111112, 1.1111111111111112, 1.1111111111111112, 1.1111111111111112, 1.1111111111111112, 1.142857142857143, 1.142857142857143, 1.1111111111111112, 1.1111111111111112, 1.1111111111111112, 1.1111111111111112, 1.1111111111111112, 1.1111111111111112, 1.1111111111111112, 1.1111111111111112, 1.1111111111111112, 1.1111111111111112, 1.1111111111111112, 1.142857142857143, 1.1111111111111112, 1.1111111111111112, 1.1111111111111112, 1.1111111111111112, 1.1111111111111112, 1.142857142857143, 1.1111111111111112, 1.1111111111111112, 1.1111111111111112, 1.1111111111111112, 1.1111111111111112, 1.1111111111111112, 1.1111111111111112, 1.1111111111111112, 1.1111111111111112, 1.1111111111111112, 1.142857142857143, 1.1111111111111112, 1.1111111111111112, 1.1111111111111112, 1.142857142857143, 1.1111111111111112, 1.1111111111111112, 1.1111111111111112, 1.1111111111111112, 1.1111111111111112, 1.1111111111111112, 1.142857142857143]
avg_s:	1.11555555556
std_s:	0.0111272962779
list of FIS:	[1.25, 1.25, 1.25, 1.25, 1.25, 1.25, 1.25, 1.25, 1.3333333333333333, 1.3333333333333333, 1.25, 1.25, 1.25, 1.25, 1.25, 1.25, 1.25, 1.25, 1.25, 1.25, 1.25, 1.3333333333333333, 1.25, 1.25, 1.25, 1.25, 1.25, 1.3333333333333333, 1.25, 1.25, 1.25, 1.25, 1.25, 1.25, 1.25, 1.25, 1.25, 1.25, 1.3333333333333333, 1.25, 1.25, 1.25, 1.3333333333333333, 1.25, 1.25, 1.25, 1.25, 1.25, 1.25, 1.3333333333333333]
avg_FIS:	1.26166666667
std_FIS:	0.0292091527295
s_of_avg_FIS:	1.11569638909
