list of s:	[1.0, 1.0, -0.029411764705889801, 0.78767123287671237, -0.029411764705889801, -0.02941176470588203, 1.0]
avg_s:	0.528490848394
std_s:	0.52724173598
list of FIS:	[1.0, 1.0, -0.014492753623192023, 0.64971751412429379, -0.014492753623192023, -0.014492753623188248, 1.0]
avg_FIS:	0.515177036179
std_FIS:	0.510703977799
s_of_avg_FIS:	0.680022233545
