list of s:	[1.0144927536231882, 1.0144927536231882, 0.0, 0.80754547496070062, 0.0, 0.0, 1.0144927536231882]
avg_s:	0.550146247976
std_s:	0.519790033965
list of FIS:	[1.0294117647058822, 1.0294117647058822, 0.0, 0.67721280602636535, 0.0, 0.0, 1.0294117647058822]
avg_FIS:	0.537921157163
std_FIS:	0.518357780129
s_of_avg_FIS:	0.699543217359
