list of s:	[1.0909090909090908, 1.0909090909090908, 1.0909090909090908, 1.0909090909090908, 1.0909090909090908, 1.0909090909090908, 1.0909090909090908, 1.0909090909090908, 1.0909090909090908, 1.0909090909090908, 1.1111111111111112, 1.142857142857143, 1.0909090909090908, 1.0909090909090908, 1.1111111111111112, 1.0909090909090908, 1.0909090909090908, 1.1111111111111112, 1.0909090909090908, 1.0909090909090908, 1.0909090909090908, 1.0909090909090908, 1.0909090909090908, 1.0909090909090908, 1.0909090909090908, 1.0909090909090908, 1.0909090909090908, 1.0909090909090908, 1.1111111111111112, 1.1111111111111112, 1.0909090909090908, 1.1111111111111112, 1.0909090909090908, 1.1111111111111112, 1.0909090909090908, 1.0909090909090908, 1.1111111111111112, 1.0909090909090908, 1.0909090909090908, 1.0909090909090908, 1.1111111111111112, 1.0909090909090908, 1.0909090909090908, 1.0909090909090908, 1.1111111111111112, 1.1111111111111112, 1.0909090909090908, 1.0909090909090908, 1.0909090909090908, 1.0909090909090908, 1.0909090909090908, 1.0909090909090908, 1.0909090909090908, 1.0909090909090908, 1.0909090909090908, 1.1111111111111112, 1.0909090909090908, 1.0909090909090908, 1.0909090909090908, 1.0909090909090908, 1.0909090909090908, 1.0909090909090908, 1.0909090909090908, 1.1111111111111112, 1.0909090909090908, 1.1111111111111112, 1.0909090909090908, 1.0909090909090908, 1.0909090909090908, 1.0909090909090908, 1.0909090909090908, 1.0909090909090908, 1.0909090909090908, 1.0909090909090908]
avg_s:	1.09543309543
std_s:	0.00972059889605
list of FIS:	[1.2, 1.2, 1.2, 1.2, 1.2, 1.2, 1.2, 1.2, 1.2, 1.2, 1.25, 1.3333333333333333, 1.2, 1.2, 1.25, 1.2, 1.2, 1.25, 1.2, 1.2, 1.2, 1.2, 1.2, 1.2, 1.2, 1.2, 1.2, 1.2, 1.25, 1.25, 1.2, 1.25, 1.2, 1.25, 1.2, 1.2, 1.25, 1.2, 1.2, 1.2, 1.25, 1.2, 1.2, 1.2, 1.25, 1.25, 1.2, 1.2, 1.2, 1.2, 1.2, 1.2, 1.2, 1.2, 1.2, 1.25, 1.2, 1.2, 1.2, 1.2, 1.2, 1.2, 1.2, 1.25, 1.2, 1.25, 1.2, 1.2, 1.2, 1.2, 1.2, 1.2, 1.2, 1.2]
avg_FIS:	1.21126126126
std_FIS:	0.0243809361281
s_of_avg_FIS:	1.09553880627
