list of s:	[1.0909090909090908, 1.0909090909090908, 1.0909090909090908, 1.0909090909090908, 1.0909090909090908, 1.0909090909090908, 1.0909090909090908, 1.0909090909090908, 1.0909090909090908, 1.0909090909090908, 1.0909090909090908, 1.1111111111111112, 1.1111111111111112, 1.0909090909090908, 1.0909090909090908, 1.0909090909090908, 1.0909090909090908, 1.0909090909090908, 1.0909090909090908, 1.0909090909090908, 1.0909090909090908, 1.0909090909090908, 1.1111111111111112, 1.0909090909090908, 1.0909090909090908, 1.0909090909090908, 1.0909090909090908, 1.0909090909090908, 1.0909090909090908, 1.0909090909090908, 1.0909090909090908, 1.0909090909090908, 1.0909090909090908, 1.1111111111111112, 1.1111111111111112, 1.1111111111111112, 1.1111111111111112, 1.1111111111111112, 1.0909090909090908, 1.0909090909090908, 1.1111111111111112, 1.0909090909090908, 1.0909090909090908, 1.0909090909090908, 1.1111111111111112, 1.0909090909090908, 1.0909090909090908, 1.0909090909090908, 1.0909090909090908, 1.0909090909090908, 1.0909090909090908, 1.0909090909090908, 1.1111111111111112, 1.0909090909090908, 1.0909090909090908, 1.0909090909090908, 1.0909090909090908, 1.0909090909090908, 1.0909090909090908, 1.0909090909090908, 1.0909090909090908, 1.0909090909090908, 1.142857142857143, 1.1111111111111112, 1.0909090909090908, 1.0909090909090908, 1.0909090909090908, 1.1111111111111112, 1.1111111111111112, 1.0909090909090908, 1.1111111111111112, 1.0909090909090908, 1.0909090909090908]
avg_s:	1.0957718081
std_s:	0.00992630138087
list of FIS:	[1.2, 1.2, 1.2, 1.2, 1.2, 1.2, 1.2, 1.2, 1.2, 1.2, 1.2, 1.25, 1.25, 1.2, 1.2, 1.2, 1.2, 1.2, 1.2, 1.2, 1.2, 1.2, 1.25, 1.2, 1.2, 1.2, 1.2, 1.2, 1.2, 1.2, 1.2, 1.2, 1.2, 1.25, 1.25, 1.25, 1.25, 1.25, 1.2, 1.2, 1.25, 1.2, 1.2, 1.2, 1.25, 1.2, 1.2, 1.2, 1.2, 1.2, 1.2, 1.2, 1.25, 1.2, 1.2, 1.2, 1.2, 1.2, 1.2, 1.2, 1.2, 1.2, 1.3333333333333333, 1.25, 1.2, 1.2, 1.2, 1.25, 1.25, 1.2, 1.25, 1.2, 1.2]
avg_FIS:	1.21210045662
std_FIS:	0.0248855829235
s_of_avg_FIS:	1.09588192796
