list of FIS:	[0.8834498834498834, 1.0, 0.88470066518847013, 1.0, 0.83492063492063484, 1.0, 1.0, 1.0, 0.80451127819548873, 0.8644986449864499, 0.80451127819548873, 0.75238095238095237, 0.75238095238095237, 1.0, 1.0, 1.0, 0.89743589743589747, 1.0, 0.64227642276422769, 1.0, 0.77872340425531916, 0.83492063492063484, 0.90303030303030307, 0.91706539074960125, 1.0, 1.0, 1.0, 1.0, 1.0, 1.0, 1.0, 1.0, 1.0, 1.0, 0.61904761904761907, 1.0, 0.89450549450549455, 0.83492063492063484, 0.83492063492063484, 0.89450549450549455, 1.0, 0.83275261324041816, 0.88470066518847013, 0.88470066518847013, 0.88470066518847013, 0.9126050420168067, 0.92012288786482332, 1.0, 1.0, 0.83006535947712412, 0.78333333333333333, 0.70454545454545459, 0.83006535947712412, 0.80451127819548873, 0.84523809523809523, 0.81944444444444442, 0.89743589743589747, 0.78333333333333333, 0.9126050420168067, 1.0, 0.76036866359446997, 1.0, 1.0, 0.90891840607210628, 0.91706539074960125, 1.0, 1.0, 1.0, -0.019607843137255054, 1.0, 0.90630630630630626, 1.0, 1.0, 1.0, 1.0, 1.0, 1.0, 1.0, 1.0, 1.0, 1.0, 1.0, 1.0, 1.0, 1.0, 0.87878787878787878, 0.92296296296296299, 0.92296296296296299, 0.78333333333333333, 0.90630630630630626, 0.89743589743589747, 0.8834498834498834, 0.78333333333333333, 0.83492063492063484, 0.81944444444444442, 1.0, 0.69736842105263153, 1.0, 0.77872340425531916, -0.020408163265306145, 0.90630630630630626, 0.86563307493540054, 0.79047619047619055, 0.45833333333333304, 0.45833333333333337, 0.83492063492063484, 0.80451127819548873, 0.45833333333333337, 0.78333333333333333, 1.0, 1.0, 1.0, 1.0]
avg_FIS:	0.885705481404
std_FIS:	0.170642215492
s_of_avg_FIS:	0.939388987452
g2:	5.50700639681
s_g2:	0.943914382529
list of genotyping error rate vector:	[-0.09731253173788959, 1.0, -0.085536494811920966, 1.0, -0.55421256876246616, 1.0, 1.0, 1.0, -0.8405148840608142, -0.27573733364648861, -0.8405148840608142, -1.3313188531436981, -1.3313188531436981, 1.0, 1.0, 1.0, 0.034364972070657876, 1.0, -2.3679465608267303, 1.0, -1.0833062091922407, -0.55421256876246616, 0.087035973594076652, 0.2191755037317755, 1.0, 1.0, 1.0, 1.0, 1.0, 1.0, 1.0, 1.0, 1.0, 1.0, -2.5866443894518429, 1.0, 0.0067753998441053348, -0.55421256876246616, -0.55421256876246616, 0.0067753998441053348, 1.0, -0.5746243661008088, -0.085536494811920966, -0.085536494811920966, -0.085536494811920966, 0.17718158124340044, 0.24796166027622618, 1.0, 1.0, -0.59992470313783264, -1.0399039965007359, -1.7816872679555484, -0.59992470313783264, -0.8405148840608142, -0.45707428321481136, -0.69991999708394681, 0.034364972070657876, -1.0399039965007359, 0.17718158124340044, 1.0, -1.2561150191713215, 1.0, 1.0, 0.14247211940999588, 0.2191755037317755, 1.0, 1.0, 1.0, -8.5995482188269943, 1.0, 0.11787935286454626, 1.0, 1.0, 1.0, 1.0, 1.0, 1.0, 1.0, 1.0, 1.0, 1.0, 1.0, 1.0, 1.0, 1.0, -0.1412050330074047, 0.274700801244183, 0.274700801244183, -1.0399039965007359, 0.11787935286454626, 0.034364972070657876, -0.09731253173788959, -1.0399039965007359, -0.55421256876246616, -0.69991999708394681, 1.0, -1.8492586185941458, 1.0, -1.0833062091922407, -8.6070831860317227, 0.11787935286454626, -0.26505674201596002, -0.97265441419851306, -4.0997599912518421, -4.0997599912518394, -0.55421256876246616, -0.8405148840608142, -4.0997599912518394, -1.0399039965007359, 1.0, 1.0, 1.0, 1.0]
avg_genotyping error rate vector:	-0.0760762089004
std_genotyping error rate vector:	1.60658648009
