list of s:	[1.0, 1.0, -7.2501237040090026e-15, 0.79452054794520555, -7.2501237040090026e-15, 0.0, 1.0]
avg_s:	0.542074363992
std_s:	0.512241900607
list of FIS:	[1.0, 1.0, -3.6250618520044879e-15, 0.65909090909090917, -3.6250618520044879e-15, 0.0, 1.0]
avg_FIS:	0.522727272727
std_FIS:	0.503602722867
s_of_avg_FIS:	0.686567164179
weir1984_multi_loci_s:	0.664628820961
