list of s:	[1.0, 1.0, 1.0, 1.0, 1.0, 1.0, 1.0, 1.0, 1.0, 1.0, 1.0, 1.0, 1.0, 1.0, 1.0, 1.0, 1.0, 1.0, 1.0, 1.0, 1.0, 1.0, 1.0, 1.0, 1.0, 1.0, 1.0, 1.0, 1.0, 1.0, 1.0, 1.0, 1.0, 1.0, 1.0, 1.0, 1.0]
avg_s:	1.0
std_s:	0.0
list of theta:	[1.5000000000000002, 1.5000000000000002, 1.5000000000000002, 1.5000000000000002, 1.5000000000000002, 1.5000000000000002, 1.5000000000000002, 1.5000000000000002, 1.5000000000000002, 1.5000000000000002, 1.5000000000000002, 1.5000000000000002, 1.5000000000000002, 1.5000000000000002, 1.5000000000000002, 1.5000000000000002, 1.5000000000000002, 1.5000000000000002, 1.5000000000000002, 1.5000000000000002, 1.5000000000000002, 1.5000000000000002, 1.5000000000000002, 1.5000000000000002, 1.5000000000000002, 1.5000000000000002, 1.5000000000000002, 1.5000000000000002, 1.5000000000000002, 1.5000000000000002, 1.5000000000000002, 1.5000000000000002, 1.5000000000000002, 1.5000000000000002, 1.5000000000000002, 1.5000000000000002, 1.5000000000000002]
avg_theta:	1.5
std_theta:	0.0
list of theta_M:	[0.85714285714285721, 0.85714285714285721, 0.85714285714285721, 0.85714285714285721, 0.85714285714285721, 0.85714285714285721, 0.85714285714285721, 0.85714285714285721, 0.85714285714285721, 0.85714285714285721, 0.85714285714285721, 0.85714285714285721, 0.85714285714285721, 0.85714285714285721, 0.85714285714285721, 0.85714285714285721, 0.85714285714285721, 0.85714285714285721, 0.85714285714285721, 0.85714285714285721, 0.85714285714285721, 0.85714285714285721, 0.85714285714285721, 0.85714285714285721, 0.85714285714285721, 0.85714285714285721, 0.85714285714285721, 0.85714285714285721, 0.85714285714285721, 0.85714285714285721, 0.85714285714285721, 0.85714285714285721, 0.85714285714285721, 0.85714285714285721, 0.85714285714285721, 0.85714285714285721, 0.85714285714285721]
avg_theta_M:	0.857142857143
std_theta_M:	0.0
