list of s:	[1.0, 1.0, 1.0, 1.0, 1.0, 1.0, 1.0, 1.0, 1.0, 1.0, 1.0, 1.0, 1.0, 1.0, 1.0, 1.0, 1.0, 1.0, 1.0, 1.0, 1.0, 1.0, 1.0, 1.0, 1.0, 1.0, 1.0, 1.0, 1.0, 1.0, 1.0, 1.0, 1.0, 1.0, 1.0, 1.0, 1.0, 1.0, 1.0, 1.0, 1.0, 1.0, 1.0, 1.0, 1.0, 1.0, 1.0, 1.0, 1.0, 1.0, 1.0, 1.0, 1.0, 1.0, 1.0, 1.0, 1.0, 1.0, 1.0, 1.0, 1.0, 1.0, 1.0, 1.0, 1.0, 1.0]
avg_s:	1.0
std_s:	0.0
list of theta:	[1.2727272727272725, 1.75, 1.75, 1.75, 1.5000000000000002, 1.75, 1.75, 2.0, 1.5000000000000002, 1.75, 1.75, 1.75, 1.75, 1.8181818181818179, 1.5000000000000002, 1.75, 2.6666666666666665, 1.75, 1.5000000000000002, 2.0, 1.75, 1.75, 1.5000000000000002, 1.75, 1.75, 1.75, 1.75, 1.75, 1.5000000000000002, 1.75, 1.75, 1.75, 1.75, 1.75, 1.75, 1.5000000000000002, 1.75, 1.75, 1.75, 1.5000000000000002, 1.75, 1.75, 1.5000000000000002, 1.75, 1.75, 1.75, 1.75, 1.75, 1.75, 1.75, 1.75, 0.66666666666666663, 1.75, 2.0, 1.75, 2.5000000000000004, 1.5000000000000002, 1.75, 1.75, 1.75, 2.6666666666666665, 2.0, 1.75, 1.75, 1.75, 1.75]
avg_theta:	1.74380165289
std_theta:	0.263747227349
list of theta_M:	[0.77777777777777768, 0.93333333333333335, 0.93333333333333335, 0.93333333333333335, 0.85714285714285721, 0.93333333333333335, 0.93333333333333335, 1.0, 0.85714285714285721, 0.93333333333333335, 0.93333333333333335, 0.93333333333333335, 0.93333333333333335, 0.95238095238095233, 0.85714285714285721, 0.93333333333333335, 1.1428571428571428, 0.93333333333333335, 0.85714285714285721, 1.0, 0.93333333333333335, 0.93333333333333335, 0.85714285714285721, 0.93333333333333335, 0.93333333333333335, 0.93333333333333335, 0.93333333333333335, 0.93333333333333335, 0.85714285714285721, 0.93333333333333335, 0.93333333333333335, 0.93333333333333335, 0.93333333333333335, 0.93333333333333335, 0.93333333333333335, 0.85714285714285721, 0.93333333333333335, 0.93333333333333335, 0.93333333333333335, 0.85714285714285721, 0.93333333333333335, 0.93333333333333335, 0.85714285714285721, 0.93333333333333335, 0.93333333333333335, 0.93333333333333335, 0.93333333333333335, 0.93333333333333335, 0.93333333333333335, 0.93333333333333335, 0.93333333333333335, 0.5, 0.93333333333333335, 1.0, 0.93333333333333335, 1.1111111111111112, 0.85714285714285721, 0.93333333333333335, 0.93333333333333335, 0.93333333333333335, 1.1428571428571428, 1.0, 0.93333333333333335, 0.93333333333333335, 0.93333333333333335, 0.93333333333333335]
avg_theta_M:	0.926238576239
std_theta_M:	0.0788620049351
