list of s:	[1.0, 1.0, 1.0, 1.0, 1.0, 1.0, 1.0, 1.0, 1.0, 1.0, 1.0, 1.0, 1.0, 1.0, 1.0, 1.0, 1.0, 1.0, 1.0, 1.0, 1.0, 1.0, 1.0, 1.0, 1.0, 1.0, 1.0, 1.0, 1.0, 1.0, 1.0, 1.0, 1.0, 1.0, 1.0, 1.0, 1.0, 1.0, 1.0, 1.0, 1.0, 1.0, 1.0, 1.0, 1.0, 1.0, 1.0, 1.0, 1.0, 1.0, 1.0, 1.0, 1.0, 1.0]
avg_s:	1.0
std_s:	0.0
list of theta:	[0.95774647887323927, 1.5849056603773588, 1.75, 2.1758241758241761, 2.2000000000000002, 0.21052631578947367, 1.8383838383838387, 1.5000000000000002, 0.21052631578947367, 1.75, 1.75, 1.75, 1.75, 1.8383838383838387, 1.75, 1.75, 1.8383838383838387, 0.95774647887323927, 1.8383838383838387, 1.75, 0.69230769230769218, 0.95774647887323927, 0.69230769230769218, 0.23529411764705882, 0.44186046511627913, 1.6774193548387095, 0.69230769230769218, 0.44186046511627913, 1.8383838383838387, 0.46753246753246763, 0.44186046511627913, 1.3043478260869565, 1.75, 0.44186046511627913, 0.44186046511627913, 1.015873015873016, 1.75, 1.75, 1.015873015873016, 1.3043478260869565, 0.44186046511627913, 1.75, 1.75, 1.75, 1.75, 1.75, 1.75, 2.1176470588235294, 2.1176470588235294, 1.8383838383838387, 1.5000000000000002, 1.5849056603773588, 1.5000000000000002, 1.5849056603773588]
avg_theta:	1.36461488638
std_theta:	0.592659701413
list of theta_M:	[0.64761904761904754, 0.88421052631578956, 0.93333333333333335, 1.0421052631578949, 1.0476190476190477, 0.19047619047619047, 0.95789473684210535, 0.85714285714285721, 0.19047619047619047, 0.93333333333333335, 0.93333333333333335, 0.93333333333333335, 0.93333333333333335, 0.95789473684210535, 0.93333333333333335, 0.93333333333333335, 0.95789473684210535, 0.64761904761904754, 0.95789473684210535, 0.93333333333333335, 0.51428571428571423, 0.64761904761904754, 0.51428571428571423, 0.21052631578947367, 0.36190476190476195, 0.91228070175438591, 0.51428571428571423, 0.36190476190476195, 0.95789473684210535, 0.3789473684210527, 0.36190476190476195, 0.78947368421052633, 0.93333333333333335, 0.36190476190476195, 0.36190476190476195, 0.67368421052631589, 0.93333333333333335, 0.93333333333333335, 0.67368421052631589, 0.78947368421052633, 0.36190476190476195, 0.93333333333333335, 0.93333333333333335, 0.93333333333333335, 0.93333333333333335, 0.93333333333333335, 0.93333333333333335, 1.0285714285714285, 1.0285714285714285, 0.95789473684210535, 0.85714285714285721, 0.88421052631578956, 0.85714285714285721, 0.88421052631578956]
avg_theta_M:	0.76761347814
std_theta_M:	0.254370194758
