list of s:	[1.0, 1.0, 1.0, 1.0, 1.0, 1.0, 1.0, 1.0, 1.0, 1.0, 1.0, 1.0, 1.0, 1.0, 1.0, 1.0, 1.0, 1.0, 1.0, 1.0, 1.0, 1.0, 1.0, 1.0, 1.0, 1.0, 1.0, 1.0, 1.0, 1.0, 1.0, 1.0, 1.0, 1.0, 1.0, 1.0, 1.0, 1.0, 1.0, 1.0, 1.0, 1.0, 1.0, 1.0, 1.0, 1.0, 1.0, 1.0, 1.0, 1.0, 1.0, 1.0, 1.0, 1.0, 1.0, 1.0, 1.0, 1.0, 1.0, 1.0, 1.0, 1.0, 1.0]
avg_s:	1.0
std_s:	0.0
list of theta:	[2.9999999999999996, 2.9999999999999996, 2.0, 2.9999999999999996, 1.3333333333333335, 1.3333333333333335, 2.0, 2.9999999999999996, 2.9999999999999996, 1.3333333333333335, 2.9999999999999996, 2.9999999999999996, 2.9999999999999996, 1.3333333333333335, 2.9999999999999996, 2.9999999999999996, 1.3333333333333335, 2.9999999999999996, 1.3333333333333335, 2.0, 2.9999999999999996, 1.3333333333333335, 1.3333333333333335, 4.0000000000000009, 2.9999999999999996, 2.9999999999999996, 2.9999999999999996, 1.3333333333333335, 2.9999999999999996, 1.3333333333333335, 1.3333333333333335, 2.9999999999999996, 2.9999999999999996, 2.9999999999999996, 2.9999999999999996, 2.9999999999999996, 2.9999999999999996, 2.9999999999999996, 1.3333333333333335, 1.3333333333333335, 2.9999999999999996, 2.0, 2.9999999999999996, 2.9999999999999996, 2.9999999999999996, 2.9999999999999996, 2.9999999999999996, 2.9999999999999996, 2.9999999999999996, 1.3333333333333335, 1.3333333333333335, 2.9999999999999996, 1.3333333333333335, 1.3333333333333335, 1.3333333333333335, 2.0, 2.9999999999999996, 1.3333333333333335, 1.3333333333333335, 2.9999999999999996, 2.9999999999999996, 1.3333333333333335, 2.9999999999999996]
avg_theta:	2.38095238095
std_theta:	0.805129484582
list of theta_M:	[1.2, 1.2, 1.0, 1.2, 0.80000000000000004, 0.80000000000000004, 1.0, 1.2, 1.2, 0.80000000000000004, 1.2, 1.2, 1.2, 0.80000000000000004, 1.2, 1.2, 0.80000000000000004, 1.2, 0.80000000000000004, 1.0, 1.2, 0.80000000000000004, 0.80000000000000004, 1.3333333333333335, 1.2, 1.2, 1.2, 0.80000000000000004, 1.2, 0.80000000000000004, 0.80000000000000004, 1.2, 1.2, 1.2, 1.2, 1.2, 1.2, 1.2, 0.80000000000000004, 0.80000000000000004, 1.2, 1.0, 1.2, 1.2, 1.2, 1.2, 1.2, 1.2, 1.2, 0.80000000000000004, 0.80000000000000004, 1.2, 0.80000000000000004, 0.80000000000000004, 0.80000000000000004, 1.0, 1.2, 0.80000000000000004, 0.80000000000000004, 1.2, 1.2, 0.80000000000000004, 1.2]
avg_theta_M:	1.05291005291
std_theta_M:	0.189001803545
