list of s:	[1.0909090909090908, 1.1111111111111112, 1.0909090909090908, 1.1111111111111112, 1.0909090909090908]
avg_s:	1.09898989899
std_s:	0.0110651021718
list of FIS:	[1.2, 1.25, 1.2, 1.25, 1.2]
avg_FIS:	1.22
std_FIS:	0.0273861278753
s_of_avg_FIS:	1.0990990991
