list of s:	[1.0, 1.0, 1.0, 1.0, 1.0, 1.0, 1.0, 1.0, 1.0, 1.0, 1.0, 1.0, 1.0, 1.0, 1.0, 1.0, 1.0, 1.0, 1.0, 1.0, 1.0, 1.0, 1.0, 1.0, 1.0, 1.0, 1.0, 1.0, 1.0, 1.0, 1.0, 1.0, 1.0, 1.0, 1.0, 1.0, 1.0, 1.0, 1.0, 1.0, 1.0, 1.0, 1.0, 1.0, 1.0, 1.0, 1.0]
avg_s:	1.0
std_s:	0.0
list of theta:	[0.65822784810126589, 2.1052631578947367, 1.442622950819672, 1.5686274509803921, 1.2499999999999998, 2.333333333333333, 2.1176470588235294, 0.3076923076923076, 2.1052631578947367, 2.2325581395348837, 2.2325581395348837, 1.442622950819672, 0.36363636363636365, 1.5686274509803921, 2.1176470588235294, 2.2857142857142856, 0.65822784810126589, 1.5686274509803921, 2.1052631578947367, 1.8181818181818179, 0.7857142857142857, 1.2499999999999998, 0.7857142857142857, 1.0434782608695652, 1.0434782608695652, 1.0434782608695652, 1.8181818181818179, 2.2857142857142856, 2.333333333333333, 1.956521739130435, 0.65822784810126589, 0.65822784810126589, 1.7142857142857144, 1.5686274509803921, 1.956521739130435, 1.8181818181818179, 1.1379310344827589, 0.7857142857142857, 1.8181818181818179, 1.8181818181818179, 1.442622950819672, 0.36363636363636365, 0.33333333333333348, 0.65822784810126589, 1.0434782608695652, 0.8695652173913041, 1.7142857142857144]
avg_theta:	1.42525930902
std_theta:	0.630147569734
list of theta_M:	[0.49523809523809526, 1.0256410256410255, 0.838095238095238, 0.87912087912087911, 0.76923076923076916, 1.0769230769230769, 1.0285714285714285, 0.26666666666666661, 1.0256410256410255, 1.054945054945055, 1.054945054945055, 0.838095238095238, 0.30769230769230771, 0.87912087912087911, 1.0285714285714285, 1.0666666666666667, 0.49523809523809526, 0.87912087912087911, 1.0256410256410255, 0.95238095238095233, 0.5641025641025641, 0.76923076923076916, 0.5641025641025641, 0.68571428571428572, 0.68571428571428572, 0.68571428571428572, 0.95238095238095233, 1.0666666666666667, 1.0769230769230769, 0.98901098901098905, 0.49523809523809526, 0.49523809523809526, 0.92307692307692313, 0.87912087912087911, 0.98901098901098905, 0.95238095238095233, 0.72527472527472536, 0.5641025641025641, 0.95238095238095233, 0.95238095238095233, 0.838095238095238, 0.30769230769230771, 0.28571428571428581, 0.49523809523809526, 0.68571428571428572, 0.60606060606060597, 0.92307692307692313]
avg_theta_M:	0.789295810572
std_theta_M:	0.241688798963
