list of s:	[1.0, 1.0, 1.0, 1.0, 1.0, 1.0, 1.0, 1.0, 1.0, 1.0, 0.0, 1.0, 1.0, 1.0, 1.0, 1.0, 1.0, 1.0, 1.0, 1.0, 1.0, 1.0, 1.0, 1.0, 1.0, 1.0, 1.0, 1.0, 1.0, 1.0, 1.0, 1.0, 1.0, 1.0, 1.0, 1.0, 1.0, 1.0, 1.0, 1.0, 1.0, 1.0, 1.0, 1.0, 1.0, 1.0, 1.0, 1.0, 1.0, 1.0, 1.0, 1.0, 1.0, 1.0, 1.0, 1.0, 1.0, 1.0, 1.0, 1.0, 1.0, 1.0]
avg_s:	0.983870967742
std_s:	0.127000127
list of theta:	[1.875, 1.875, 1.795918367346939, 1.5276381909547743, 1.875, 1.875, 1.875, 1.875, 1.875, 1.875, 0.034482758620689648, 1.7021276595744681, 1.9240506329113927, 1.875, 1.875, 1.875, 1.875, 1.875, 1.795918367346939, 1.9240506329113927, 1.7021276595744681, 1.7592592592592591, 1.5929203539823009, 1.875, 1.9726027397260273, 1.875, 1.875, 1.795918367346939, 1.4678899082568806, 1.9240506329113927, 1.795918367346939, 1.875, 1.875, 1.875, 1.875, 1.9240506329113927, 1.875, 1.7021276595744681, 1.875, 1.5929203539823009, 1.9240506329113927, 1.875, 1.875, 1.875, 1.875, 1.875, 1.875, 1.875, 1.795918367346939, 1.875, 1.875, 1.795918367346939, 1.875, 1.875, 1.875, 1.875, 1.875, 1.875, 1.9240506329113927, 1.795918367346939, 1.795918367346939, 1.7021276595744681]
avg_theta:	1.80714314418
std_theta:	0.248090635423
list of theta_M:	[0.967741935483871, 0.967741935483871, 0.94623655913978499, 0.8660968660968662, 0.967741935483871, 0.967741935483871, 0.967741935483871, 0.967741935483871, 0.967741935483871, 0.967741935483871, 0.033333333333333326, 0.91954022988505746, 0.98064516129032264, 0.967741935483871, 0.967741935483871, 0.967741935483871, 0.967741935483871, 0.967741935483871, 0.94623655913978499, 0.98064516129032264, 0.91954022988505746, 0.93596059113300489, 0.88669950738916259, 0.967741935483871, 0.99310344827586206, 0.967741935483871, 0.967741935483871, 0.94623655913978499, 0.84656084656084651, 0.98064516129032264, 0.94623655913978499, 0.967741935483871, 0.967741935483871, 0.967741935483871, 0.967741935483871, 0.98064516129032264, 0.967741935483871, 0.91954022988505746, 0.967741935483871, 0.88669950738916259, 0.98064516129032264, 0.967741935483871, 0.967741935483871, 0.967741935483871, 0.967741935483871, 0.967741935483871, 0.967741935483871, 0.967741935483871, 0.94623655913978499, 0.967741935483871, 0.967741935483871, 0.94623655913978499, 0.967741935483871, 0.967741935483871, 0.967741935483871, 0.967741935483871, 0.967741935483871, 0.967741935483871, 0.98064516129032264, 0.94623655913978499, 0.94623655913978499, 0.91954022988505746]
avg_theta_M:	0.941723065701
std_theta_M:	0.120446205341
