list of s:	[9.135901911526481e-15, 9.135901911526481e-15, -0.027777777777777794]
avg_s:	-0.00925925925925
std_s:	0.0160375074775
list of FIS:	[4.5679509557632618e-15, 4.5679509557632618e-15, -0.013698630136986308]
avg_FIS:	-0.00456621004566
std_FIS:	0.00790890779712
s_of_avg_FIS:	-0.0091743119266
weir1984_multi_loci_s:	-0.00745542949757
