list of s:	[1.1111111111111112, 1.1111111111111112, 1.142857142857143, 1.1111111111111112, 1.1111111111111112, 1.1111111111111112, 1.142857142857143, 1.1111111111111112, 1.1111111111111112, 1.1111111111111112, 1.1111111111111112, 1.1111111111111112, 1.1111111111111112, 1.1111111111111112, 1.1111111111111112, 1.1111111111111112, 1.1111111111111112, 1.1111111111111112, 1.1111111111111112, 1.142857142857143, 1.1111111111111112, 1.1111111111111112, 1.1111111111111112, 1.142857142857143, 1.1111111111111112, 1.1111111111111112, 1.1111111111111112, 1.1111111111111112, 1.1111111111111112, 1.1111111111111112, 1.1111111111111112, 1.1111111111111112, 1.1111111111111112, 1.1111111111111112, 1.1111111111111112, 1.1111111111111112, 1.1111111111111112, 1.1111111111111112, 1.1111111111111112, 1.1111111111111112, 1.1111111111111112, 1.142857142857143, 1.1111111111111112, 1.1111111111111112, 1.1111111111111112, 1.1111111111111112, 1.1111111111111112, 1.1111111111111112, 1.1111111111111112, 1.1111111111111112, 1.1111111111111112, 1.1111111111111112, 1.1111111111111112, 1.1111111111111112, 1.1111111111111112, 1.142857142857143, 1.1111111111111112, 1.1111111111111112, 1.1111111111111112, 1.1111111111111112, 1.1111111111111112, 1.1111111111111112, 1.1111111111111112]
avg_s:	1.11413454271
std_s:	0.00939369336943
list of FIS:	[1.25, 1.25, 1.3333333333333333, 1.25, 1.25, 1.25, 1.3333333333333333, 1.25, 1.25, 1.25, 1.25, 1.25, 1.25, 1.25, 1.25, 1.25, 1.25, 1.25, 1.25, 1.3333333333333333, 1.25, 1.25, 1.25, 1.3333333333333333, 1.25, 1.25, 1.25, 1.25, 1.25, 1.25, 1.25, 1.25, 1.25, 1.25, 1.25, 1.25, 1.25, 1.25, 1.25, 1.25, 1.25, 1.3333333333333333, 1.25, 1.25, 1.25, 1.25, 1.25, 1.25, 1.25, 1.25, 1.25, 1.25, 1.25, 1.25, 1.25, 1.3333333333333333, 1.25, 1.25, 1.25, 1.25, 1.25, 1.25, 1.25]
avg_FIS:	1.25793650794
std_FIS:	0.0246584450947
s_of_avg_FIS:	1.11423550088
