list of s:	[-0.10000000000000207, 0.89622641509433965, 1.0, 1.0, 0.88297872340425532, 1.0, 0.85135135135135143, 0.88297872340425532, 1.0, 0.76086956521739124, 1.0, 0.89622641509433965, 1.0, 0.88297872340425532, 1.0, 1.0, 1.0, 1.0, 1.0, 1.0, 1.0, 1.0, 1.0, 1.0, 1.0, 1.0, 0.87654320987654322, 1.0, 1.0, 0.75000000000000011, 0.85135135135135143, 1.0, 1.0, 0.89622641509433965, 1.0, 0.89622641509433965, 1.0, 1.0, -0.10000000000000012, 1.0, 0.89622641509433965, 1.0, 0.88297872340425532, 1.0, 0.89622641509433965, 0.88297872340425532, 1.0, 1.0, 1.0, 1.0, 1.0, 1.0, 1.0, 1.0, 1.0, 1.0, 1.0, 0.88297872340425532, 0.87654320987654322, 0.89999999999999991, 1.0, 1.0, 1.0, 0.89622641509433965, 1.0, 1.0, 0.87654320987654322, 1.0, 0.88297872340425532, 0.89622641509433965, 1.0, 1.0, 1.0, 1.0, 1.0, 1.0, 1.0, 1.0, 1.0, 1.0, 0.88297872340425532, 1.0, 1.0, 1.0, 0.89999999999999991, 1.0, 1.0, 1.0, 1.0, 1.0, 0.89622641509433965, 0.88297872340425532, 1.0, -0.10000000000000012, 1.0, 1.0, 1.0, 0.88297872340425532, 1.0, 1.0, 1.0, 1.0, 0.88297872340425532, 0.8392857142857143, 1.0, 1.0, 1.0]
avg_s:	0.934217675749
std_s:	0.186070634555
list of FIS:	[-0.04761904761904856, 0.81196581196581197, 1.0, 1.0, 0.79047619047619055, 1.0, 0.74117647058823533, 0.79047619047619055, 1.0, 0.61403508771929816, 1.0, 0.81196581196581197, 1.0, 0.79047619047619055, 1.0, 1.0, 1.0, 1.0, 1.0, 1.0, 1.0, 1.0, 1.0, 1.0, 1.0, 1.0, 0.78021978021978022, 1.0, 1.0, 0.60000000000000009, 0.74117647058823533, 1.0, 1.0, 0.81196581196581197, 1.0, 0.81196581196581197, 1.0, 1.0, -0.047619047619047672, 1.0, 0.81196581196581197, 1.0, 0.79047619047619055, 1.0, 0.81196581196581197, 0.79047619047619055, 1.0, 1.0, 1.0, 1.0, 1.0, 1.0, 1.0, 1.0, 1.0, 1.0, 1.0, 0.79047619047619055, 0.78021978021978022, 0.81818181818181812, 1.0, 1.0, 1.0, 0.81196581196581197, 1.0, 1.0, 0.78021978021978022, 1.0, 0.79047619047619055, 0.81196581196581197, 1.0, 1.0, 1.0, 1.0, 1.0, 1.0, 1.0, 1.0, 1.0, 1.0, 0.79047619047619055, 1.0, 1.0, 1.0, 0.81818181818181812, 1.0, 1.0, 1.0, 1.0, 1.0, 0.81196581196581197, 0.79047619047619055, 1.0, -0.047619047619047672, 1.0, 1.0, 1.0, 0.79047619047619055, 1.0, 1.0, 1.0, 1.0, 0.79047619047619055, 0.72307692307692317, 1.0, 1.0, 1.0]
avg_FIS:	0.908939824197
std_FIS:	0.192722604279
s_of_avg_FIS:	0.952298037555
