list of s:	[1.0, 0.96939953810623558, 1.0, 0.96939953810623558, 1.0, 1.0, 0.97144396551724133, 1.0, 1.0, 0.94657258064516137, 0.97144396551724133, 0.93536585365853653, 1.0, 0.97144396551724133, 1.0, 1.0, 1.0, 1.0, 1.0, 1.0, 0.94657258064516125, 1.0, 1.0, 1.0, 0.95886889460154234, 1.0, 1.0, 1.0, 1.0, 1.0, 1.0, 0.96837146702557197, 1.0, 0.92732558139534893, 0.9346938775510204, 0.91637010676156583, 0.96453287197231841, 1.0, 1.0, 0.9137931034482758, 0.94538834951456308, 1.0, 0.96504065040650411, 1.0, 0.96607773851590106, 0.96939953810623558, 0.96939953810623558, 0.97144396551724133, 1.0, 0.97278548559231592, 1.0, 1.0, 0.93536585365853653, 0.94572748267898388, 1.0, 1.0, 1.0, 1.0, 1.0, 1.0, 1.0, 1.0, 0.97144396551724133, 0.93536585365853653, 0.97144396551724133, 1.0, 0.93536585365853653, 0.93536585365853653, 1.0, 1.0, 0.97312373225152138, 1.0, 1.0, 1.0, 1.0, 1.0, 1.0, 0.97451923076923075, 1.0, 1.0, 1.0, 1.0, 0.97144396551724133, 0.96607773851590106, 0.96939953810623558, 1.0, 1.0, 1.0, 1.0, 1.0, 1.0, 1.0, 1.0, 1.0, 1.0, 1.0, 1.0, 1.0, 1.0, 0.96856581532416508, 1.0]
avg_s:	0.984934079258
std_s:	0.0233528816822
list of FIS:	[1.0, 0.94061624649859943, 1.0, 0.94061624649859943, 1.0, 1.0, 0.94447354635935044, 1.0, 1.0, 0.89856459330143545, 0.94447354635935044, 0.87857961053837341, 1.0, 0.94447354635935044, 1.0, 1.0, 1.0, 1.0, 1.0, 1.0, 0.89856459330143534, 1.0, 1.0, 1.0, 0.92098765432098761, 1.0, 1.0, 1.0, 1.0, 1.0, 1.0, 0.93868232224396608, 1.0, 0.8644986449864499, 0.87739463601532564, 0.84564860426929389, 0.93149540517961571, 1.0, 1.0, 0.84126984126984128, 0.89643268124280784, 1.0, 0.93244304791830324, 1.0, 0.93438140806561854, 0.94061624649859943, 0.94061624649859943, 0.94447354635935044, 1.0, 0.94701298701298697, 1.0, 1.0, 0.87857961053837341, 0.8970427163198248, 1.0, 1.0, 1.0, 1.0, 1.0, 1.0, 1.0, 1.0, 0.94447354635935044, 0.87857961053837341, 0.94447354635935044, 1.0, 0.87857961053837341, 0.87857961053837341, 1.0, 1.0, 0.94765432098765434, 1.0, 1.0, 1.0, 1.0, 1.0, 1.0, 0.95030473511486169, 1.0, 1.0, 1.0, 1.0, 0.94447354635935044, 0.93438140806561854, 0.94061624649859943, 1.0, 1.0, 1.0, 1.0, 1.0, 1.0, 1.0, 1.0, 1.0, 1.0, 1.0, 1.0, 1.0, 1.0, 0.93904761904761902, 1.0]
avg_FIS:	0.971317834934
std_FIS:	0.0440182244413
s_of_avg_FIS:	0.985450258422
