list of FIS:	[0.92551724137931035, 0.91793313069908811, 0.96295025728987993, 0.92517482517482519, 1.0, 0.94421007318123118, 1.0, 0.98089002919578872, 0.96989547038327528, 0.734375, 1.0, 0.9795744680851064, 0.96233653007846554, 0.97707060966463088, 0.92658662092624355, 0.90287600188590289, 0.94129903070930343, 0.89257028112449799, 0.9268210050818747, 0.91545988258317024, 1.0, 0.95737637078419202, 0.94074074074074077, 0.95614035087719296, 0.97827190577723622, 0.98024691358024696, 1.0, 0.96186742694226657, 0.96135957066189626, 0.98130187854958495, 0.97192982456140353, 0.92426367461430581, 0.85481919612851187, 0.94291754756871038, 0.9464285714285714, 0.97353123067408787, 1.0, 0.94362766420182687, 0.96068438296323266, 0.95058708414872795, 0.92380952380952386, 0.98036068359928241, 0.90476190476190477, 0.95939849624060147, 0.92696025778732549, 1.0, 0.96103896103896103, 0.96423248882265278, 1.0, 0.8231292517006803, 0.96016964779642267, 0.96250000000000002, 1.0, 0.95636363636363642, 1.0, 1.0, 1.0, 1.0, 0.98060170633138755, 1.0, 1.0, 0.97901894123360855, 0.96590370955011839, 1.0, 0.92014196983141083, 0.96423248882265278, 0.94226142742582197, 0.96135957066189626, 0.96250000000000002, 0.96232996163236839, 1.0, 0.95767195767195767, 0.94180511899416253, 0.94405594405594406, 0.93004426211810431, 1.0, 0.94405594405594406, 0.95476439790575918, 0.94440154440154445, 1.0, 1.0, 0.94178182887386064, 0.93613246599645183, 0.93018745959922433, 0.95476439790575918, 0.95939849624060147, 1.0, 1.0, 1.0, 1.0, 1.0, 0.9538461538461539, 0.88050894338926788, 0.96295025728987993, 0.95178571428571435, 0.95367965367965368, 0.96258741258741254, 0.93762751384436027, 0.93320848938826462, 1.0, 0.9427800269905533, 1.0, 1.0, 0.97433155080213907, 1.0, 1.0, 1.0, 0.88405797101449268, 1.0, 0.96295025728987993, 1.0, 0.96233653007846554, 0.98024691358024696]
avg_FIS:	0.96030681969
std_FIS:	0.0403569311904
s_of_avg_FIS:	0.979751547099
g2:	11.6098461983
s_g2:	0.972338010726
list of genotyping error rate vector:	[-0.38354293926322852, -0.52442041180219034, 0.31178824633561519, -0.38990343840125541, 1.0, -0.036317139181238613, 1.0, 0.64502569903004814, 0.44079797576817276, -3.9340760203759531, 1.0, 0.62058869750701084, 0.30038805163672783, 0.57407866347073933, -0.36367884522387373, -0.80411177448585724, -0.090390757459016105, -0.99554409328694349, -0.35932507866629926, -0.57036184887020114, 1.0, 0.20825138140192365, -0.10076118624509228, 0.18529188518044074, 0.59639315323102848, 0.63307960458496992, 1.0, 0.29167429903285963, 0.28224069340548091, 0.65267594287220654, 0.4785868065154828, -0.40682837442614306, -1.6967835218869229, -0.06032624837826684, 0.0048922311846811778, 0.50833347757234582, 1.0, -0.047135586915188578, 0.26969884895097224, 0.082138039722856437, -0.41526438231511836, 0.63519292194124488, -0.76908047789389899, 0.24581305942417928, -0.35673841161787684, 1.0, 0.27628525904340467, 0.33560613944968359, 1.0, -2.2854351732315266, 0.26013746563463747, 0.30342456182927763, 1.0, 0.18943949012861447, 1.0, 1.0, 1.0, 1.0, 0.63967000234725124, 1.0, 1.0, 0.61026959457373853, 0.36664964106339976, 1.0, -0.48339046283028791, 0.33560613944968359, -0.072513906405603595, 0.28224069340548091, 0.30342456182927763, 0.30026604048424199, 1.0, 0.2137420098249338, -0.080989992958248255, -0.039180140860751778, -0.29945196713700578, 1.0, -0.039180140860751778, 0.15973308400767292, -0.032760495202924039, 1.0, 1.0, -0.081422614978363908, -0.18636147955746929, -0.29679202451950926, 0.15973308400767292, 0.24581305942417928, 1.0, 1.0, 1.0, 1.0, 1.0, 0.14267638378988065, -1.2195876030960897, 0.31178824633561519, 0.10440300806621471, 0.13958358575160368, 0.30504828079937124, -0.1585904499643222, -0.24067535387877476, 1.0, -0.062880740564593751, 1.0, 1.0, 0.52319970007565553, 1.0, 1.0, 1.0, -1.1536631904795307, 1.0, 0.31178824633561519, 1.0, 0.30038805163672783, 0.63307960458496992]
avg_genotyping error rate vector:	0.26268548088
std_genotyping error rate vector:	0.749643920725
