list of s:	[1.1111111111111112, 1.0909090909090908, 1.1111111111111112, 1.1111111111111112, 1.1111111111111112, 1.0909090909090908, 1.1111111111111112, 1.1111111111111112, 1.1111111111111112, 1.0909090909090908, 1.0909090909090908, 1.0909090909090908, 1.0909090909090908, 1.0909090909090908, 1.0909090909090908, 1.0909090909090908, 1.0909090909090908, 1.0909090909090908, 1.1111111111111112, 1.0909090909090908, 1.0909090909090908, 1.0909090909090908, 1.1111111111111112, 1.0909090909090908, 1.0909090909090908, 1.0909090909090908, 1.1111111111111112, 1.0909090909090908, 1.0909090909090908, 1.0909090909090908, 1.1111111111111112, 1.142857142857143, 1.0909090909090908, 1.0909090909090908, 1.0909090909090908, 1.0909090909090908, 1.1111111111111112, 1.0909090909090908, 1.0909090909090908, 1.0909090909090908, 1.1111111111111112, 1.1111111111111112, 1.142857142857143, 1.0909090909090908, 1.0909090909090908, 1.1111111111111112, 1.0909090909090908, 1.0909090909090908, 1.0909090909090908, 1.1111111111111112, 1.1111111111111112, 1.0909090909090908, 1.1111111111111112, 1.1111111111111112, 1.1111111111111112, 1.0909090909090908, 1.0909090909090908, 1.0909090909090908, 1.0909090909090908, 1.1111111111111112, 1.0909090909090908, 1.0909090909090908, 1.1111111111111112, 1.1111111111111112, 1.1111111111111112, 1.1111111111111112, 1.0909090909090908, 1.142857142857143, 1.0909090909090908, 1.0909090909090908, 1.0909090909090908, 1.0909090909090908, 1.1111111111111112, 1.1111111111111112, 1.1111111111111112, 1.0909090909090908, 1.0909090909090908, 1.0909090909090908, 1.0909090909090908, 1.0909090909090908]
avg_s:	1.09992784993
std_s:	0.0128359485955
list of FIS:	[1.25, 1.2, 1.25, 1.25, 1.25, 1.2, 1.25, 1.25, 1.25, 1.2, 1.2, 1.2, 1.2, 1.2, 1.2, 1.2, 1.2, 1.2, 1.25, 1.2, 1.2, 1.2, 1.25, 1.2, 1.2, 1.2, 1.25, 1.2, 1.2, 1.2, 1.25, 1.3333333333333333, 1.2, 1.2, 1.2, 1.2, 1.25, 1.2, 1.2, 1.2, 1.25, 1.25, 1.3333333333333333, 1.2, 1.2, 1.25, 1.2, 1.2, 1.2, 1.25, 1.25, 1.2, 1.25, 1.25, 1.25, 1.2, 1.2, 1.2, 1.2, 1.25, 1.2, 1.2, 1.25, 1.25, 1.25, 1.25, 1.2, 1.3333333333333333, 1.2, 1.2, 1.2, 1.2, 1.25, 1.25, 1.25, 1.2, 1.2, 1.2, 1.2, 1.2]
avg_FIS:	1.2225
std_FIS:	0.0323809080594
s_of_avg_FIS:	1.10011248594
