list of s:	[0.0, 1.0042918454935621, 1.0040485829959516, 0.0]
avg_s:	0.502085107122
std_s:	0.579757952012
list of FIS:	[0.0, 1.0086206896551724, 1.0081300813008129, 0.0]
avg_FIS:	0.504187692739
std_FIS:	0.582185834703
s_of_avg_FIS:	0.670378696984
