list of s:	[-1.6792123247455524e-15, 0.90566037735849059, 1.0, 1.0, 0.8936170212765957, 1.0, 0.86486486486486491, 0.8936170212765957, 1.0, 0.78260869565217395, 1.0, 0.90566037735849059, 1.0, 0.8936170212765957, 1.0, 1.0, 1.0, 1.0, 1.0, 1.0, 1.0, 1.0, 1.0, 1.0, 1.0, 1.0, 0.88888888888888895, 1.0, 1.0, 0.7777777777777779, 0.86486486486486491, 1.0, 1.0, 0.90566037735849059, 1.0, 0.90566037735849059, 1.0, 1.0, 0.0, 1.0, 0.90566037735849059, 1.0, 0.8936170212765957, 1.0, 0.90566037735849059, 0.8936170212765957, 1.0, 1.0, 1.0, 1.0, 1.0, 1.0, 1.0, 1.0, 1.0, 1.0, 1.0, 0.8936170212765957, 0.88888888888888895, 0.90909090909090906, 1.0, 1.0, 1.0, 0.90566037735849059, 1.0, 1.0, 0.88888888888888895, 1.0, 0.8936170212765957, 0.90566037735849059, 1.0, 1.0, 1.0, 1.0, 1.0, 1.0, 1.0, 1.0, 1.0, 1.0, 0.8936170212765957, 1.0, 1.0, 1.0, 0.90909090909090906, 1.0, 1.0, 1.0, 1.0, 1.0, 0.90566037735849059, 0.8936170212765957, 1.0, 0.0, 1.0, 1.0, 1.0, 0.8936170212765957, 1.0, 1.0, 1.0, 1.0, 0.8936170212765957, 0.8571428571428571, 1.0, 1.0, 1.0]
avg_s:	0.940306898836
std_s:	0.16908353783
list of FIS:	[-8.3960616237277542e-16, 0.82758620689655171, 1.0, 1.0, 0.80769230769230771, 1.0, 0.76190476190476197, 0.80769230769230771, 1.0, 0.6428571428571429, 1.0, 0.82758620689655171, 1.0, 0.80769230769230771, 1.0, 1.0, 1.0, 1.0, 1.0, 1.0, 1.0, 1.0, 1.0, 1.0, 1.0, 1.0, 0.80000000000000004, 1.0, 1.0, 0.63636363636363646, 0.76190476190476197, 1.0, 1.0, 0.82758620689655171, 1.0, 0.82758620689655171, 1.0, 1.0, 0.0, 1.0, 0.82758620689655171, 1.0, 0.80769230769230771, 1.0, 0.82758620689655171, 0.80769230769230771, 1.0, 1.0, 1.0, 1.0, 1.0, 1.0, 1.0, 1.0, 1.0, 1.0, 1.0, 0.80769230769230771, 0.80000000000000004, 0.83333333333333326, 1.0, 1.0, 1.0, 0.82758620689655171, 1.0, 1.0, 0.80000000000000004, 1.0, 0.80769230769230771, 0.82758620689655171, 1.0, 1.0, 1.0, 1.0, 1.0, 1.0, 1.0, 1.0, 1.0, 1.0, 0.80769230769230771, 1.0, 1.0, 1.0, 0.83333333333333326, 1.0, 1.0, 1.0, 1.0, 1.0, 0.82758620689655171, 0.80769230769230771, 1.0, 0.0, 1.0, 1.0, 1.0, 0.80769230769230771, 1.0, 1.0, 1.0, 1.0, 0.80769230769230771, 0.75, 1.0, 1.0, 1.0]
avg_FIS:	0.915444749686
std_FIS:	0.182243717076
s_of_avg_FIS:	0.955856074508
weir1984_multi_loci_s:	0.932284856544
