list of FIS:	[0.95650598042769119, 0.96530047774704553, 0.92959183673469381, 0.9332688588007737, 1.0, 0.65853658536585402, 0.91527777777777775, 0.8410138248847927, 0.95395395395395399, 0.92403628117913827, 1.0, 1.0, 0.65840220385674897, 1.0, 0.92912513842746403, 0.8811369509043927, 0.9291666666666667, 0.8811369509043927, 0.94576905095839181, 0.91863207547169812, 0.65656565656565657, 0.90970350404312672, 0.94681300126635715, 1.0, 0.84950926935659754, 1.0, 1.0, 1.0, 0.84344422700587085, 0.88019323671497585, 0.92483660130718959, 1.0, 1.0, 0.94782608695652171, 1.0, 1.0, 0.65925925925925921, 0.94576905095839181, 0.92194570135746612, 0.65866666666666673, 0.92297817715019259, 1.0, 0.95580850351523272, 1.0, 1.0, 0.90121689334287758, 0.9327731092436975, 0.94621246077991927, 0.86742551054569805, 0.9466207490314249, 0.775609756097561, 0.85459183673469385, 0.85745614035087714, 0.92483660130718959, 0.81746031746031755, 1.0, 1.0, 1.0, 0.9332688588007737, 1.0, 0.79236641221374038, 0.93611111111111112, 1.0, 0.85860655737704916, 0.95617144698678702, 1.0, 1.0, 1.0, 0.9327731092436975, 0.79236641221374038, 1.0, 0.92822966507177029, 0.65614035087719347, 0.93896505970809374, 1.0, 1.0, 0.85860655737704916, 1.0, 0.79248120300751901, 0.8811369509043927, 1.0, 0.8811369509043927, 0.81689517912428122, 0.88101487314085736, 0.9291666666666667, 1.0, 0.9332688588007737, 1.0, 1.0, 1.0, 1.0, 1.0, 0.95839614109134763, 0.96530047774704553, 0.96530047774704553, 1.0, 0.96530047774704553, 0.8973214285714286, 0.96621787025703798, 0.95634292945270483, 0.93110435663627156, 1.0, 1.0, 0.65925925925925899, 1.0, 1.0, 0.94901098901098901, 1.0, 0.89153439153439151, 1.0, 1.0, 0.89610389610389607, 0.96425796425796428, 0.96425796425796428, 0.87222222222222223, 0.9332688588007737, 0.65591397849462374, 0.91507692307692301, 1.0]
avg_FIS:	0.924985493789
std_FIS:	0.0916767454355
s_of_avg_FIS:	0.961031131687
g2:	18.6614331593
s_g2:	0.982551014633
list of genotyping error rate vector:	[-0.26806645637173104, -0.011663227583365677, -1.0527472735199239, -0.94554383757207272, 1.0, -8.9553526308565914, -1.4700731081123386, -3.6352357789159506, -0.34247068938907027, -1.214719280609257, 1.0, 1.0, -8.9592705185507704, 1.0, -1.0663538445948204, -2.4654475935392326, -1.0651430903890027, -2.4654475935392326, -0.58110121927315728, -1.3722786887376455, -9.0128149837042599, -1.6325908429883593, -0.55066488847027617, 1.0, -3.3875514243173921, 1.0, 1.0, 1.0, -3.5643774991906145, -2.4929615441873683, -1.1913859782674534, 1.0, 1.0, -0.52112841440417745, 1.0, 1.0, -8.9342831014791297, -0.58110121927315728, -1.2756700543546631, -8.9515601155686557, -1.2455682625992326, 1.0, -0.28840136874541772, 1.0, 1.0, -1.8800176493192897, -0.95999739671126338, -0.56817362309709052, -2.8652041062362565, -0.55626999493496554, -5.5420888717057668, -3.2393693692259262, -3.1558607082131669, -1.1913859782674534, -4.3219373757923876, 1.0, 1.0, 1.0, -0.94554383757207272, 1.0, -5.0535492115219673, -0.86267808152733649, 1.0, -3.1223203443637781, -0.27781976588684604, 1.0, 1.0, 1.0, -0.95999739671126338, -5.0535492115219673, 1.0, -1.0924613356038326, -9.0252147545818975, -0.77947132069838498, 1.0, 1.0, -3.1223203443637781, 1.0, -5.0502024903745006, -2.4654475935392326, 1.0, -2.4654475935392326, -4.3384139620951547, -2.4690067660077761, -1.0651430903890027, 1.0, -0.94554383757207272, 1.0, 1.0, 1.0, 1.0, 1.0, -0.21295889541725788, -0.011663227583365677, -0.011663227583365677, 1.0, -0.011663227583365677, -1.9935897738832187, 0.015083315520430202, -0.27282020123348572, -1.0086498143601244, 1.0, 1.0, -8.9342831014791368, 1.0, 1.0, -0.48658264089023545, 1.0, -2.1623106146012758, 1.0, 1.0, -2.0290868858264997, -0.042057667987320406, -0.042057667987320406, -2.725356163054673, -0.94554383757207272, -9.0318146326296933, -1.4759290191378771, 1.0]
avg_genotyping error rate vector:	-1.18704502373
std_genotyping error rate vector:	2.67283196309
