list of FIS:	[0.9582181259600614, 0.83150183150183155, 0.85345132743362839, 0.91789215686274506, 1.0, 0.8918495297805642, 1.0, 0.97039261960952583, 0.96621787025703798, 0.95888846593071941, 0.90719696969696972, 1.0, 0.78309409888357251, 1.0, 0.93727272727272726, 0.91038961038961042, 0.9244444444444444, 0.9129703594702544, 0.83653846153846156, 1.0, 1.0, 1.0, 0.92738095238095242, 0.9123809523809524, 0.95146871008939971, 0.87222222222222223, 0.89912280701754388, 1.0, 0.82962962962962961, 0.8410138248847927, 0.93291200777831795, 0.74523076923076914, 0.91410256410256407, 0.97039261960952583, 0.96307198287396312, 0.96835588167851405, 0.95378865103635746, 1.0, 0.90109090909090905, 0.78387096774193554, 1.0, 0.88515950069348126, 0.91038961038961042, 1.0, 0.86902878835811459, 0.93110435663627156, 1.0, 0.96530047774704553, 0.94383394383394381, 0.65914786967418593, 1.0, 0.48507462686567193, 0.86902878835811448, 1.0, 0.90506764503554227, 0.84939091915836107, 1.0, 0.88305084745762707, 0.92483660130718959, 0.96935221732064081, 0.9244444444444444, 0.91185863317010862, 0.96404969600845891, 0.92492997198879556, 0.9252032520325203, 0.95634292945270483, 1.0, 1.0, 0.97079365079365076, 1.0, 1.0, 0.87518842327404278, 0.9332688588007737, 0.85473684210526313, 1.0, 1.0, 0.86186186186186187, 0.93280632411067199, 0.94383394383394381, 0.96610169491525422, 1.0, 0.8765652951699463, 0.79248120300751901, 0.84950926935659754, 1.0, 1.0, 0.79248120300751901, 0.90121689334287758, 0.94383394383394381, 0.85860655737704916, 1.0, 1.0, 1.0, 1.0, 0.90747986191024166, 0.7830508474576271, 0.84950926935659754, 0.84859584859584858, 0.93896505970809374, 1.0, 1.0, 0.88051948051948048, -0.0072992700729881399, 0.92520325203252041, 0.93110435663627156, 0.96425796425796428, 0.89154704944178631, 0.88515950069348126]
avg_FIS:	0.914206744037
std_FIS:	0.120135210474
s_of_avg_FIS:	0.95518077855
g2:	7.95611009169
s_g2:	0.960292637578
list of genotyping error rate vector:	[0.45298655708338709, -1.2059987828028533, -0.9186332776448175, -0.074965998940937265, 1.0, -0.41591928143850976, 1.0, 0.61237652797349529, 0.55772019507575632, 0.46176273057248801, -0.21498870707978296, 1.0, -1.8397587826053805, 1.0, 0.17876681676566464, -0.1731902617633356, 0.010817357392458864, -0.13940277682291563, -1.1400586017951595, 1.0, 1.0, 1.0, 0.049262481107248755, -0.14711936705748374, 0.3646223729025258, -0.67288241029216411, -0.32069663970433993, 1.0, -1.2305098803895527, -1.081466593451079, 0.12167573985632622, -2.3354701595979162, -0.12457981427667263, 0.61237652797349529, 0.51653384984866602, 0.58571130403220817, 0.39499532562229939, 1.0, -0.2949300048680536, -1.8295879197929166, 1.0, -0.50350596653165403, -0.1731902617633356, 1.0, -0.71469123990718419, 0.098009748382182196, 1.0, 0.54570957930210295, 0.26466707239904841, -3.4624780869513048, 1.0, -5.7414664295355831, -0.71469123990718564, 1.0, -0.24286608790337408, -0.97179264307150881, 1.0, -0.53111271450469322, 0.01595152335755105, 0.5987554530184247, 0.010817357392458864, -0.15395763452131347, 0.52933419067048049, 0.017173943825429864, 0.02075175982897666, 0.42843625336427144, 1.0, 1.0, 0.6176268776475049, 1.0, 1.0, -0.63404854065318461, 0.12634767741028188, -0.90180316117425019, 1.0, 1.0, -0.80852152464017746, 0.1202921162581168, 0.26466707239904841, 0.55619921318704535, 1.0, -0.61602236414627709, -1.7168616588203542, -0.97024318769415274, 1.0, 1.0, -1.7168616588203542, -0.29328060351863827, 0.26466707239904841, -0.85114037204460813, 1.0, 1.0, 1.0, 1.0, -0.21128504736819934, -1.8403250356029084, -0.97024318769415274, -0.9822018048373472, 0.20092304152342413, 1.0, 1.0, -0.56425368235111506, -12.187686154127951, 0.020751759828978113, 0.098009748382182196, 0.53206086425394039, -0.41987939130268948, -0.50350596653165403]
avg_genotyping error rate vector:	-0.123215877733
std_genotyping error rate vector:	1.5728249775
