list of s:	[0.0, 0.0, -0.02777777777778127]
avg_s:	-0.00925925925926
std_s:	0.0160375074775
list of theta:	[0.022222222222222206, 0.022222222222222206, 0.054013503375843833]
avg_theta:	0.0328193159401
std_theta:	0.0183547047319
list of theta_M:	[0.021739130434782594, 0.021739130434782594, 0.051209103840682668]
avg_theta_M:	0.0315624549034
std_theta_M:	0.0170144970789
