list of s:	[1.0, 1.0, -0.04166666666666529]
avg_s:	0.652777777778
std_s:	0.601406530406
list of theta:	[0.14814814814814822, 0.12500000000000003, 0.079866888519134829]
avg_theta:	0.117671678889
std_theta:	0.0347255067905
list of theta_M:	[0.13793103448275867, 0.11764705882352944, 0.073846153846153895]
avg_theta_M:	0.109808082384
std_theta_M:	0.0327537042984
