list of FIS:	[-0.04761904761904856, 0.61403508771929816, 1.0, 0.79047619047619055, 0.6333333333333333, 0.74117647058823533, 1.0, 1.0, 0.61403508771929816, 0.74117647058823533, 0.74117647058823533, 0.54166666666666663, 1.0, 1.0, 0.72307692307692317, 1.0, 0.6333333333333333, 0.60714285714285721, 1.0, 0.6333333333333333, 1.0, 1.0, -0.04761904761904856, 0.81196581196581197, 0.60714285714285721, 0.74117647058823533, 1.0, 1.0, 1.0, 0.74117647058823533, 1.0, 1.0, 0.81818181818181812, 0.6333333333333333, 0.60714285714285721, 0.79047619047619055, 0.61403508771929816, -0.047619047619047672, 1.0, 0.38888888888888884, 0.74117647058823533, 1.0, 1.0, 1.0, 1.0, 0.60714285714285721, -0.047619047619047672, 1.0, 1.0, -0.04761904761904856, 1.0, -0.052631578947368363, 0.6333333333333333, 0.6333333333333333, -0.04761904761904856, 0.60714285714285721, 0.81818181818181812, 0.61403508771929816, 1.0, 0.74117647058823533, 0.73333333333333339, -0.047619047619047672, 0.79047619047619055, 0.79047619047619055, 0.54166666666666663, -0.047619047619047672, 1.0, 0.54166666666666663, 1.0, 0.79047619047619055, 0.6333333333333333, 1.0, 1.0, -0.047619047619047672, -0.052631578947368363, 1.0, 0.6333333333333333, 1.0, 0.79047619047619055, 0.81196581196581197, 1.0, 0.81196581196581197, 0.81196581196581197, 1.0, 1.0, 0.74117647058823533, 1.0, 1.0, 0.81196581196581197, 1.0, 0.61403508771929816, 0.60714285714285721, 1.0, 1.0, 1.0, 0.81196581196581197, 0.74117647058823533, 1.0, 1.0, 0.60714285714285721, 0.60784313725490202, 0.61403508771929816, 0.54166666666666663]
avg_FIS:	0.728237431476
std_FIS:	0.316168444232
s_of_avg_FIS:	0.842751601386
g2:	10.2342812934
s_g2:	0.968771899723
list of genotyping error rate vector:	[-16.297469117572607, -5.3727517801583247, 1.0, -2.4594938235145172, -5.0541141911504077, -3.2734923702238166, 1.0, 1.0, -5.3727517801583247, -3.2734923702238166, -3.2734923702238166, -6.5676427389380096, 1.0, 1.0, -3.5723379905191872, 1.0, -5.0541141911504077, -5.486550919089721, 1.0, -5.0541141911504077, 1.0, 1.0, -16.297469117572607, -2.1046739441796958, -5.486550919089721, -3.2734923702238166, 1.0, 1.0, 1.0, -3.2734923702238166, 1.0, 1.0, -2.0020400947853267, -5.0541141911504077, -5.486550919089721, -2.4594938235145172, -5.3727517801583247, -16.297469117572593, 1.0, -9.0901903185840123, -3.2734923702238166, 1.0, 1.0, 1.0, 1.0, -5.486550919089721, -16.297469117572593, 1.0, 1.0, -16.297469117572607, 1.0, -16.380232127704517, -5.0541141911504077, -5.0541141911504077, -16.297469117572607, -5.486550919089721, -2.0020400947853267, -5.3727517801583247, 1.0, -3.2734923702238166, -3.402992139018477, -16.297469117572593, -2.4594938235145172, -2.4594938235145172, -6.5676427389380096, -16.297469117572593, 1.0, -6.5676427389380096, 1.0, -2.4594938235145172, -5.0541141911504077, 1.0, 1.0, -16.297469117572593, -16.380232127704517, 1.0, -5.0541141911504077, 1.0, -2.4594938235145172, -2.1046739441796958, 1.0, -2.1046739441796958, -2.1046739441796958, 1.0, 1.0, -3.2734923702238166, 1.0, 1.0, -2.1046739441796958, 1.0, -5.3727517801583247, -5.486550919089721, 1.0, 1.0, 1.0, -2.1046739441796958, -3.2734923702238166, 1.0, 1.0, -5.486550919089721, -5.474988439733055, -5.3727517801583247, -6.5676427389380096]
avg_genotyping error rate vector:	-3.48713169834
std_genotyping error rate vector:	5.22032690459
