list of FIS:	[0.96399871423979433, 1.0, 0.92708333333333337, 0.95285901353120905, 1.0, 1.0, 0.92513368983957223, 1.0, 0.92302405498281792, 0.95346904860822601, 0.79195046439628491, 1.0, 1.0, 1.0, 1.0, 1.0, 1.0, 1.0, 1.0, 1.0, 1.0, 0.95285901353120905, 1.0, 1.0, 1.0, 1.0, 1.0, 1.0, 1.0, 1.0, 1.0, 0.9618188129121833, 1.0, 1.0, 0.89878163074039363, 1.0, 0.95508370763576966, 1.0, 0.9285714285714286, 0.95119825708061001, 0.95809523809523811, 1.0, 0.95091477019187864, 1.0, 1.0, 1.0, 0.91185897435897434, 1.0, 1.0, 1.0, 1.0, 0.95119825708061001, 1.0, 0.91255060728744941, 1.0, 0.96399871423979433, 1.0, 1.0, 1.0, 0.95346904860822601, 0.9628503883823033, 1.0, 1.0, 1.0, 1.0, 0.96232996163236839, 1.0, 1.0, 1.0, 1.0, 1.0, 1.0, 1.0, 1.0, 0.65732087227414282, 1.0, 0.96027446731672084, 1.0, 1.0, 1.0, 0.9447570332480818, 0.9578762615182097, 0.94139194139194138, 1.0, 0.92385057471264365, 0.9618188129121833, 0.79065420560747646, 1.0, 1.0, 1.0, 0.89341085271317833, 0.91118421052631582, 0.9618188129121833, 0.96358821582257526, 0.95539625647152526, 0.92034139402560455, 0.92296918767507008, 0.88636363636363635, 0.96333878887070379, 0.91249999999999998, 0.95091477019187864, 0.86799501867995021, 0.79047619047619055, 0.89982110912343471, 1.0, 0.89898989898989901, 0.92724867724867721, 1.0, 1.0, 1.0, 1.0, 1.0, 1.0, 1.0, 1.0, 1.0, 1.0, 1.0, 0.96225143242332323, 0.93366979091564528, 0.96418292292932528, 0.89926739926739929, 1.0, 0.95143273433705677, 0.91741741741741745, 1.0, 0.94139194139194138, 0.93065015479876156, 1.0, 0.95963963963963961, 1.0, 1.0, 0.96066034422198809, 1.0, 0.96427432216905906, 1.0, 0.96371882086167804, 1.0, 0.95508370763576966, 0.84761904761904761, 1.0, 1.0]
avg_FIS:	0.968511676014
std_FIS:	0.0511004096838
s_of_avg_FIS:	0.984003994302
g2:	24.0434018175
s_g2:	0.986386689099
list of genotyping error rate vector:	[-0.34028315087301081, 1.0, -1.7145969286236591, -0.75500037138929521, 1.0, 1.0, -1.7871797342018321, 1.0, -1.8657188194954912, -0.7322895232097808, -6.7454257876766706, 1.0, 1.0, 1.0, 1.0, 1.0, 1.0, 1.0, 1.0, 1.0, 1.0, -0.75500037138929521, 1.0, 1.0, 1.0, 1.0, 1.0, 1.0, 1.0, 1.0, 1.0, -0.42143816959715552, 1.0, 1.0, -2.7682341619989437, 1.0, -0.67217777321739958, 1.0, -1.6591969913048092, -0.81682827118341772, -0.56006223489882145, 1.0, -0.82738213592566101, 1.0, 1.0, 1.0, -2.2813809027318981, 1.0, 1.0, 1.0, 1.0, -0.81682827118341772, 1.0, -2.2556322678970626, 1.0, -0.34028315087301081, 1.0, 1.0, 1.0, -0.7322895232097808, -0.38303389618689804, 1.0, 1.0, 1.0, 1.0, -0.40240873765359841, 1.0, 1.0, 1.0, 1.0, 1.0, 1.0, 1.0, 1.0, -11.757518276041788, 1.0, -0.47893223785099603, 1.0, 1.0, 1.0, -1.0566270336843357, -0.56821446086602379, -1.1819052236347167, 1.0, -1.8349485165921984, -0.42143816959715552, -6.7936838922727967, 1.0, 1.0, 1.0, -2.9681815567920609, -2.3065015220829541, -0.42143816959715552, -0.35556549705707169, -0.66054196828591993, -1.9655909547410686, -1.867761461211068, -3.230540667984926, -0.36485135265660879, -2.2575163143483934, -0.82738213592566101, -3.9143814882893371, -6.8003111744941078, -2.7295356729570144, 1.0, -2.7604805937643775, -1.7084413800326785, 1.0, 1.0, 1.0, 1.0, 1.0, 1.0, 1.0, 1.0, 1.0, 1.0, 1.0, -0.40533228256351267, -1.469391294016291, -0.33342529017139011, -2.7501496031221677, 1.0, -0.80809897417520071, -2.074446971928984, 1.0, -1.1819052236347167, -1.5818085958922263, 1.0, -0.50256608373547607, 1.0, 1.0, -0.46456651997398624, 1.0, -0.33002261000508348, 1.0, -0.3507032336786326, 1.0, -0.67217777321739958, -4.6729535814502627, 1.0, 1.0]
avg_genotyping error rate vector:	-0.172271189669
std_genotyping error rate vector:	1.9024047796
