list of FIS:	[1.0, 0.97337429595494107, 0.96954909232871367, 0.94549418604651159, 1.0, 1.0, 0.97308024158757545, 0.94497354497354502, 1.0, 1.0, 1.0, 0.97142333760762045, 0.96919959473150963, 1.0, 1.0, 0.94871794871794868, 0.9486842105263158, 0.97214686200036171, 1.0, 1.0, 0.96876876876876872, 1.0, 1.0, 0.91608391608391615, 1.0, 0.97425317709192938, 1.0, 1.0, 1.0, 0.97383867180949191, 1.0, 1.0, 1.0, 0.97024604234217049, 0.96456961162843513, 0.95521102497846688, 0.97146712936186619, 1.0, 1.0, 1.0, 1.0, 1.0, 0.97142333760762045, 1.0, 1.0, 0.9719171917191719, 0.9664354441709555, 0.95061728395061729, 1.0, 0.94701086956521741, 0.96789462852438768, 0.66013071895424913, 0.97415078707539349, 1.0, 0.94871794871794868, 0.95751724137931038, 0.97364314201491242, 0.97395569085066802, 0.97142333760762045, 0.94619799139167859, 1.0, 0.85043144774688384, 1.0, 1.0, 1.0, 1.0, 1.0, 1.0, 1.0, 0.96456961162843513, 0.96316410861865409, 0.91608391608391604, 1.0, 1.0, 0.96316410861865409, 1.0, 1.0, 1.0, 1.0, 1.0, 1.0, 1.0, 1.0, 0.96691410392364796, 0.9327586206896552, 1.0, 0.95009900990099005, 0.93602693602693599, 1.0, 1.0, 1.0, 1.0, 1.0, 0.90219435736677112, 1.0, 1.0, 0.96456961162843513, 0.9733099209833187, 0.97415078707539349, 1.0, 1.0, 1.0, 1.0, 0.96876876876876872, 0.96316410861865409, 0.97402597402597402, 0.89416553595658077, 1.0, 1.0, 0.9363636363636364, 1.0, 0.95521102497846688]
avg_FIS:	0.977154043385
std_FIS:	0.0408011403743
s_of_avg_FIS:	0.988445029515
g2:	79.0527681085
s_g2:	0.995806948147
list of genotyping error rate vector:	[1.0, -2.1882919578670261, -2.6463405389699117, -5.5267926057772279, 1.0, 1.0, -2.2235034652533061, -5.5891367129251703, 1.0, 1.0, 1.0, -2.4219092473242112, -2.6881910897224386, 1.0, 1.0, -5.1407635046492075, -5.1448034806391023, -2.3352708997036653, 1.0, 1.0, -2.7397802965251059, 1.0, 1.0, -9.0485220985168695, 1.0, -2.0830504342536491, 1.0, 1.0, 1.0, -2.1326853230157377, 1.0, 1.0, 1.0, -2.5628843374295038, -3.2426078994192342, -4.3632508128460685, -2.4166654086018138, 1.0, 1.0, 1.0, 1.0, 1.0, -2.4219092473242112, 1.0, 1.0, -2.3627727418799069, -3.0191839899527633, -4.9133278192918244, 1.0, -5.3451775071816812, -2.8444541224825901, -39.697609109243643, -2.0953111153509378, 1.0, -5.1407635046492075, -4.0870931874376657, -2.1560990164349305, -2.1186728909963732, -2.4219092473242112, -5.4425155133066454, 1.0, -16.910069588823482, 1.0, 1.0, 1.0, 1.0, 1.0, 1.0, 1.0, -3.2426078994192342, -3.4109097003879256, -9.0485220985168819, 1.0, 1.0, -3.4109097003879256, 1.0, 1.0, 1.0, 1.0, 1.0, 1.0, 1.0, 1.0, -2.9618669313134376, -7.0518114573891655, 1.0, -4.9753884874942989, -6.6604474022644142, 1.0, 1.0, 1.0, 1.0, 1.0, -10.711725756202434, 1.0, 1.0, -3.2426078994192342, -2.1960005316558799, -2.0953111153509378, 1.0, 1.0, 1.0, 1.0, -2.7397802965251059, -3.4109097003879256, -2.1102568400171293, -11.673136079472773, 1.0, 1.0, -6.6201292580419606, 1.0, -4.3632508128460685]
avg_genotyping error rate vector:	-1.73568652395
std_genotyping error rate vector:	4.88572799829
