list of FIS:	[1.0, 1.0, 1.0, 0.99295768743869417, 1.0, 1.0, 1.0, 1.0, 1.0, 0.98929735350435588, 1.0, 1.0, 1.0, 0.95117647058823529, 1.0, 1.0, 0.98921948537792137, 1.0, 0.98875311488080164, 0.96428114743617066, 1.0, 1.0, 1.0, 1.0, 1.0, 0.95116588555227677, 1.0, 1.0, 1.0, 1.0, 1.0, 1.0, 1.0, 1.0, 1.0, 0.99084159225460378, 0.98500097974597856, 0.92187065045931171, 1.0, 1.0, 1.0, 1.0, 0.99421532458074846, 0.98869648869648874, 1.0, 0.91505553270259155, 0.98848720800889878, 0.9537969434901078, 0.90016417511047464, 1.0, 1.0, 1.0, 0.99421478983416189, 1.0, 1.0, 1.0, 1.0, 1.0, 1.0, 1.0, 1.0, 1.0, 0.98898781630740396, 0.97549574659582494, 0.98862162162162159, 0.98902099539506205, 0.88768261627127676, 0.98526793506720201, 1.0, 1.0, 1.0, 0.99129426016610711, 0.97254838185070747, 1.0, 0.98806805206668191, 1.0, 1.0, 1.0, 0.99115031195150372, 1.0, 1.0, 0.99317961185187642, 1.0, 1.0, 1.0, 1.0, 1.0, 1.0, 1.0, 1.0, 0.99047521855971699, 1.0, 0.99004652169209129, 1.0, 0.99158855329068096, 0.84711155378486058, 0.96413411551485673, 1.0, 1.0, 0.99032111003308121, 0.95530961791831359, 0.98388352538150115, 0.99425362413477858, 1.0, 1.0, 0.99403967430068574, 1.0, 0.97299195505044056, 1.0, 0.95898091678142827, 0.98571526445601532, 1.0, 1.0, 0.92652097213920193, 1.0, 1.0, 1.0, 1.0, 0.98891952002343952, 1.0, 1.0, 1.0, 1.0, 0.98232941816887553, 1.0, 0.98661669374426952, 1.0, 0.99349908847600943, 0.99246228906494782, 1.0, 1.0, 1.0, 1.0, 1.0]
avg_FIS:	0.990296356801
std_FIS:	0.0230822977523
s_of_avg_FIS:	0.995124523458
g2:	22.0042604194
s_g2:	0.985149885263
list of genotyping error rate vector:	[1.0, 1.0, 1.0, 0.75936577468714994, 1.0, 1.0, 1.0, 1.0, 1.0, 0.63429299312453968, 1.0, 1.0, 1.0, -0.66828894269649519, 1.0, 1.0, 0.63163225687944791, 1.0, 0.61569648261407428, -0.22050510268280515, 1.0, 1.0, 1.0, 1.0, 1.0, -0.66865063097795296, 1.0, 1.0, 1.0, 1.0, 1.0, 1.0, 1.0, 1.0, 1.0, 0.68705928148920747, 0.48748687482156539, -1.6696621794693924, 1.0, 1.0, 1.0, 1.0, 0.80233895100791031, 0.6137615787205114, 1.0, -1.9025332097634691, 0.60661050502238323, -0.57874797711082659, -2.4113675261675152, 1.0, 1.0, 1.0, 0.80232067883815406, 1.0, 1.0, 1.0, 1.0, 1.0, 1.0, 1.0, 1.0, 1.0, 0.62371617720709538, 0.16269521077745863, 0.61120338772781357, 0.62484989911814226, -2.8378595649432286, 0.49660867768909334, 1.0, 1.0, 1.0, 0.70252684150736044, 0.061984424940904059, 1.0, 0.59228804140512936, 1.0, 1.0, 1.0, 0.69760816361501865, 1.0, 1.0, 0.76694888162528019, 1.0, 1.0, 1.0, 1.0, 1.0, 1.0, 1.0, 1.0, 0.6745403753093685, 1.0, 0.65989190043167478, 1.0, 0.71258277092404565, -4.2241635817771117, -0.22552915013506392, 1.0, 1.0, 0.66927452185593583, -0.52706023448181094, 0.44930371226272769, 0.80364763809523221, 1.0, 1.0, 0.79633702071854517, 1.0, 0.077141220717591788, 1.0, -0.40161278378619242, 0.51189382159596963, 1.0, 1.0, -1.5107617408486398, 1.0, 1.0, 1.0, 1.0, 0.62138250865142419, 1.0, 1.0, 1.0, 1.0, 0.39620022077357231, 1.0, 0.54269545622451598, 1.0, 0.77786532551847143, 0.74243812445153001, 1.0, 1.0, 1.0, 1.0, 1.0]
avg_genotyping error rate vector:	0.668428709519
std_genotyping error rate vector:	0.788716886637
