list of FIS:	[0.94113712374581937, 0.93176154878282536, 0.96339399068980114, 1.0, 0.87093655589123864, 0.89202305125872006, 1.0, 1.0, 1.0, 0.93962008141112618, 1.0, 1.0, 1.0, 0.95350059109418106, 0.94822795300541118, 0.98342875762230597, 0.94601152562935997, 0.97783174543869478, 1.0, 1.0, 0.9688375350140056, 1.0, 1.0, 1.0, 0.985799671065827, 1.0, 0.97206349206349207, 1.0, 1.0, 1.0, 1.0, 1.0, 0.92144401782955998, 0.42995169082125606, 0.42969518190757128, 0.43003522254242721, 0.90589479249273064, 0.9420716740304369, 0.89915482135996927, 0.89931350114416475, 0.9702608695652174, 0.90227817745803351, 0.95342105263157895, 0.89733309033473063, 0.93114302577218178, 0.93107546048722523, 1.0, 0.95633509137740713, 1.0, 0.95562612292650317, 1.0, 0.94809384164222876, 1.0, 0.82751937984496127, 1.0, 0.93815513626834379, 1.0, 0.98660562261152518, 0.94065018060572381, 1.0, 1.0, 1.0, 1.0, 1.0, 1.0, 0.96660099446477155, 0.85432098765432096, 1.0, 1.0, 1.0, 0.88726379844133663, 0.8938214177368794, 1.0, 1.0, 1.0, 0.90684210526315789, 1.0, 1.0, 1.0, 0.93845077810806088, 0.66368159203980093, 0.93336278159904085, 0.93528505392912176, 0.95624768261030779, 0.95990990990990988, 1.0, 0.97183989875019772, 1.0, 1.0, -0.0028328611897912026, 0.95748915336544205, 0.95495951417004044, 1.0, 0.97020202020202018, 1.0, 1.0, 0.95069974554707382, 0.81435509983810028, 1.0, 0.87959183673469388, 1.0, -0.0028169014084507005, 0.85746514722045464, 0.87641749595001162, 0.86743428528141808, 1.0, 1.0, 0.96827399729607933, 0.86985294117647061, -0.002849002849013571, 1.0, 0.92719045660222132]
avg_FIS:	0.919854388436
std_FIS:	0.183977827244
s_of_avg_FIS:	0.958254328012
g2:	27.1045288066
s_g2:	0.987899551278
list of genotyping error rate vector:	[-1.4616914974948414, -1.8537853712441499, -0.53089192391840423, 1.0, -4.3975341202830434, -3.5156804009040719, 1.0, 1.0, 1.0, -1.5251353937891325, 1.0, 1.0, 1.0, -0.94464162858267664, -1.1651474750255848, 0.30697769018383098, -1.2578402004520381, 0.072906265534544532, 1.0, 1.0, -0.30323864511385901, 1.0, 1.0, 1.0, 0.4061311437121472, 1.0, -0.16832659960469354, 1.0, 1.0, 1.0, 1.0, 1.0, -2.2852725808245573, -22.839865891143212, -22.850593294424062, -22.836372529267891, -2.9355533390908604, -1.4226078740631547, -3.2174242004336397, -3.2107880878201218, -0.24371368157523371, -3.0868030069151304, -0.94796798926314929, -3.2936104159387649, -1.8796524870427611, -1.8824781200747784, 1.0, -0.82610061103651555, 1.0, -0.85575022584714766, 1.0, -1.1707561170674381, 1.0, -6.21327436132787, 1.0, -1.5864005447938401, 1.0, 0.43983666735782745, -1.4820558402524135, 1.0, 1.0, 1.0, 1.0, 1.0, 1.0, -0.39677251916509326, -5.0924101721810437, 1.0, 1.0, 1.0, -3.7147160739892628, -3.4404713090216448, 1.0, 1.0, 1.0, -2.8959359785262988, 1.0, 1.0, 1.0, -1.5740365719564848, -13.065098717764789, -1.7868205632017051, -1.7064296317359038, -0.82975611400320359, -0.67659890560593894, 1.0, -0.17767744674740901, 1.0, 1.0, -40.939254159772744, -0.77783683657772373, -0.88362832512408174, 1.0, -0.24617480794612351, 1.0, 1.0, -1.0617751787567644, -6.7638148416060382, 1.0, -4.0355635096598421, 1.0, -40.938586709241477, -4.9609189613659996, -4.168316922626957, -4.5440018148770367, 1.0, 1.0, -0.32680623298955741, -4.442851734705858, -40.939929216579209, 1.0, -2.0449520194158639]
avg_genotyping error rate vector:	-2.35175212467
std_genotyping error rate vector:	7.69409654906
