list of s:	[1.7487131814282299e-15, 1.0, 1.0, 1.7487131814282299e-15]
avg_s:	0.5
std_s:	0.57735026919
list of FIS:	[8.7435659071411574e-16, 1.0, 1.0, 8.7435659071411574e-16]
avg_FIS:	0.5
std_FIS:	0.57735026919
s_of_avg_FIS:	0.666666666667
weir1984_multi_loci_s:	0.674949028746
