list of s:	[0.0, 1.0, 1.0, 0.0]
avg_s:	0.5
std_s:	0.57735026919
list of theta:	[0.0080645161290322648, 0.034782608695652278, 0.032786885245901606, 0.0080645161290322648]
avg_theta:	0.0209246315499
std_theta:	0.01487191683
list of theta_M:	[0.0080000000000000071, 0.034188034188034289, 0.032258064516129004, 0.0080000000000000071]
avg_theta_M:	0.020611524676
std_theta_M:	0.0145838336305
