list of FIS:	[1.0, 0.9846907187482411, 0.98497336697504911, 0.95917065390749601, 1.0, 1.0, 0.98515586343394357, 0.98288770053475938, 1.0, 1.0, 1.0, 0.98519727891156461, 0.97698726394378566, 1.0, 1.0, 0.97056277056277052, 0.9667887667887668, 0.98497412209917079, 1.0, 0.98391037482867527, 1.0, 1.0, 0.92944228274967577, 1.0, 0.98375939849624061, 1.0, 1.0, 1.0, 0.98491704374057321, 1.0, 1.0, 1.0, 0.97582594681708301, 0.98493281610164729, 0.96551286927855962, 0.98420259270425081, 1.0, 1.0, 1.0, 1.0, 1.0, 0.98448816652409465, 1.0, 1.0, 0.98470168281489034, 0.97112545116482551, 0.97712800519818066, 0.90109090909090905, 0.95913461538461542, 0.97237737381943734, 0.97337249143416549, 0.96809758386113065, 1.0, 0.96447368421052637, 0.98043110424483193, 0.98205076686089343, 0.98122522773103404, 0.96964285714285714, 0.95371194587858288, 1.0, 0.85336927223719683, 1.0, 1.0, 1.0, 1.0, 1.0, 1.0, 1.0, 0.97780497756017948, 0.97237737381943734, 0.98522943252783057, 0.91921591921591916, 1.0, 0.98518193293452605, 0.96871765382403674, 1.0, 1.0, 1.0, 1.0, 1.0, 0.98236331569664903, 1.0, 1.0, 0.97427895981087476, 0.95099099099099105, 0.98478101572628374, 0.92719072164948457, 0.95166348933029954, 1.0, 1.0, 1.0, 1.0, 1.0, 0.91918587249326555, 1.0, 1.0, 0.96999216213190009, 0.96697154471544711, 0.98437410237260869, 1.0, 1.0, 1.0, 1.0, 0.98310034172103133, 0.96871765382403685, 0.98497412209917079, 0.96078431372549022, 1.0, 1.0, 0.96809523809523812, 1.0, 0.95884773662551437]
avg_FIS:	0.983885284278
std_FIS:	0.0236500082618
s_of_avg_FIS:	0.991877193782
g2:	79.5152516822
s_g2:	0.995831200961
list of genotyping error rate vector:	[1.0, -0.84382869300330232, -0.80978693088235076, -3.9174300611448927, 1.0, 1.0, -0.78780730938689791, -1.0609817168033715, 1.0, 1.0, 1.0, -0.78281928645385912, -1.7716221517639608, 1.0, 1.0, -2.545379262834381, -2.9999150657618587, -0.80969598477590532, 1.0, -0.93781223707992767, 1.0, 1.0, -7.4978740307625458, 1.0, -0.95599561807147149, 1.0, 1.0, 1.0, -0.81657042346450581, 1.0, 1.0, 1.0, -1.9114895828129836, -0.81467082207717978, -3.1535823999733315, -0.90261791967637572, 1.0, 1.0, 1.0, 1.0, 1.0, -0.86822380317021142, 1.0, 1.0, -0.84250819595661353, -2.4776107881421949, -1.7546714694376451, -10.912474323123506, -3.9217704910741586, -2.3268309524311657, -2.2069803610954062, -2.8422829449436589, 1.0, -3.2787404145313399, -1.3568507815887143, -1.1617808527417359, -1.2612076455349532, -2.6561723647979498, -4.5748693180846107, 1.0, -16.660002365816503, 1.0, 1.0, 1.0, 1.0, 1.0, 1.0, 1.0, -1.6731378530060945, -2.3268309524311657, -0.77894674931249674, -8.7295231329342595, 1.0, -0.78466753473675077, -2.767602574880931, 1.0, 1.0, 1.0, 1.0, 1.0, -1.1241379025696148, 1.0, 1.0, -2.0978065615687531, -4.9025773673134401, -0.8329534496611386, -7.7690489404341321, -4.8215825959964249, 1.0, 1.0, 1.0, 1.0, 1.0, -8.7331419187184096, 1.0, 1.0, -2.6141025542813652, -2.977901544674963, -0.88196153206122152, 1.0, 1.0, 1.0, 1.0, -1.0353715059701589, -2.7676025748809177, -0.80969598477590532, -3.7230831010077283, 1.0, 1.0, -2.8425654657484305, 1.0, -3.9563217726624389]
avg_genotyping error rate vector:	-0.940834108382
std_genotyping error rate vector:	2.84837433618
