list of s:	[1.0, 1.0, 1.0, 1.0, 1.0, 1.0, 1.0, 1.0, 1.0, 1.0, 1.0, 1.0, 1.0, 1.0, 1.0, 1.0, 1.0, 1.0, 1.0, 1.0, 1.0, 1.0, 1.0, 1.0, 1.0, 1.0, 1.0, 1.0, 1.0, 1.0, 1.0, 1.0, 1.0, 1.0, 1.0, 1.0, 1.0, 1.0, 1.0, 1.0, 1.0, 1.0, 1.0, 1.0, 1.0, 1.0, 1.0, 1.0, 1.0, 1.0]
avg_s:	1.0
std_s:	0.0
list of theta:	[0.39999999999999991, 0.8695652173913041, 0.39999999999999991, 1.8823529411764708, 1.8823529411764708, 1.8823529411764708, 0.39999999999999991, 2.258064516129032, 2.258064516129032, 1.8823529411764708, 0.39999999999999991, 1.8823529411764708, 2.258064516129032, 2.258064516129032, 0.39999999999999991, 0.39999999999999991, 0.39999999999999991, 0.39999999999999991, 0.39999999999999991, 0.39999999999999991, 0.39999999999999991, 0.39999999999999991, 0.39999999999999991, 0.49999999999999989, 0.39999999999999991, 0.39999999999999991, 0.39999999999999991, 0.39999999999999991, 0.44444444444444431, 2.258064516129032, 2.258064516129032, 0.39999999999999991, 0.39999999999999991, 0.39999999999999991, 0.39999999999999991, 0.39999999999999991, 0.39999999999999991, 0.39999999999999991, 0.39999999999999991, 0.39999999999999991, 0.39999999999999991, 0.39999999999999991, 0.39999999999999991, 0.39999999999999991, 0.39999999999999991, 0.39999999999999991, 0.39999999999999991, 0.39999999999999991, 0.39999999999999991, 0.39999999999999991]
avg_theta:	0.78348322929
std_theta:	0.708271410164
list of theta_M:	[0.33333333333333326, 0.60606060606060597, 0.33333333333333326, 0.96969696969696972, 0.96969696969696972, 0.96969696969696972, 0.33333333333333326, 1.0606060606060606, 1.0606060606060606, 0.96969696969696972, 0.33333333333333326, 0.96969696969696972, 1.0606060606060606, 1.0606060606060606, 0.33333333333333326, 0.33333333333333326, 0.33333333333333326, 0.33333333333333326, 0.33333333333333326, 0.33333333333333326, 0.33333333333333326, 0.33333333333333326, 0.33333333333333326, 0.39999999999999991, 0.33333333333333326, 0.33333333333333326, 0.33333333333333326, 0.33333333333333326, 0.36363636363636354, 1.0606060606060606, 1.0606060606060606, 0.33333333333333326, 0.33333333333333326, 0.33333333333333326, 0.33333333333333326, 0.33333333333333326, 0.33333333333333326, 0.33333333333333326, 0.33333333333333326, 0.33333333333333326, 0.33333333333333326, 0.33333333333333326, 0.33333333333333326, 0.33333333333333326, 0.33333333333333326, 0.33333333333333326, 0.33333333333333326, 0.33333333333333326, 0.33333333333333326, 0.33333333333333326]
avg_theta_M:	0.491636363636
std_theta_M:	0.286609224137
