list of FIS:	[1.0, 0.99231238718558057, 0.99298622293791372, 1.0, 1.0, 0.96917736166631596, 1.0, 1.0, 0.95948102407548741, 0.98837092731829579, 0.98767051962928254, 0.9912495365220616, 0.98962272768795101, 1.0, 0.99242747302448797, 1.0, 1.0, 0.99297599312334994, 1.0, 1.0, 0.98582375478927198, 0.9912522941287456, 1.0, 0.98293733985557885, 0.99225813224159876, 0.9073697386950399, 1.0, 0.98162680617837572, 1.0, 1.0, 1.0, 1.0, 0.99322033898305084, 0.99317952465462644, 1.0, 1.0, 1.0, 1.0, 0.9874452866446034, 1.0, 1.0, 1.0, 0.9863462400441334, 0.99321909227781036, 1.0, 1.0, 0.99218327061464318, 1.0, 1.0, 1.0, 1.0, 1.0, 1.0, 0.99292777944261312, 1.0, 1.0, 0.99291181966126218, 0.99277781224793693, 0.98515704154002026, 1.0, 1.0, 0.98242583104968428, 0.98623144288858711, 0.98605481567265008, 0.96099674972914406, 0.98282710280373831, 1.0, 0.98282975367067105, 1.0, 0.99293158786829672, 0.98886784874046019, 1.0, 0.99306235620317385, 0.99306709379743963, 0.95253452410485406, 0.98126984126984129, 1.0, 1.0, 1.0, 1.0, 0.96514423076923073, 0.99306608374760541, 0.9481535542256605, 1.0, 0.99253797189134685, 0.98970467674591522, 1.0, 0.99324316612452201, 0.9926368841324853, 1.0, 0.99244089629372523, 0.66324200913241849, 1.0, 1.0, 0.98542199488491045, 0.99111128591374797, 1.0, 1.0, 0.99315870641574189, 1.0, 1.0, 1.0, 1.0, 0.99265264442534962, 0.98625509609784512, 0.988037154230887, 1.0, 1.0, 1.0]
avg_FIS:	0.989512071083
std_FIS:	0.0341333565154
s_of_avg_FIS:	0.994728391413
g2:	72.0081947613
s_g2:	0.995399250213
list of genotyping error rate vector:	[1.0, 0.16068228489258113, 0.23425028287306485, 1.0, 1.0, -2.3651520965372304, 1.0, 1.0, -3.4237782407129114, -0.26963817606925033, -0.34610724330474218, 0.044642441063308898, -0.13296919294109993, 1.0, 0.17324711947579582, 1.0, 1.0, 0.23313341281301991, 1.0, 1.0, -0.54773322048078454, 0.044943510874842482, 1.0, -0.86286605111127757, 0.15475884198314069, -9.1131809243118944, 1.0, -1.005947415648563, 1.0, 1.0, 1.0, 1.0, 0.25981058993040129, 0.25535456571277199, 1.0, 1.0, 1.0, 1.0, -0.37069771613827712, 1.0, 1.0, 1.0, -0.49068935772730787, 0.25967447722296944, 1.0, 1.0, 0.14658560391790823, 1.0, 1.0, 1.0, 1.0, 1.0, 1.0, 0.22786954256749403, 1.0, 1.0, 0.2261270865489029, 0.2114964334873124, -0.62052359826154335, 1.0, 1.0, -0.91871152780015197, -0.50322267445642654, -0.52250646968450976, -3.2582944392953088, -0.87490150512080311, 1.0, -0.87461208893521314, 1.0, 0.22828533863059891, -0.21538531985663564, 1.0, 0.2425623557862506, 0.24307959655919931, -4.1821827837213688, -1.0449201082954511, 1.0, 1.0, 1.0, 1.0, -2.8054810115056616, 0.24296932140103725, -4.6604880415072811, 1.0, 0.18531115790915642, -0.12402216377273198, 1.0, 0.26230281016632173, 0.19611019243815367, 1.0, 0.17471264433214048, -35.7665430429835, 1.0, 1.0, -0.59159653840413406, 0.02954852472241834, 1.0, 1.0, 0.25308167331887144, 1.0, 1.0, 1.0, 1.0, 0.19783086871512398, -0.50064026584290278, -0.30607883350751725, 1.0, 1.0, 1.0]
avg_genotyping error rate vector:	-0.145050452941
std_genotyping error rate vector:	3.72660948087
