list of s:	[1.0434782608695652, 1.0434782608695652, 1.0434782608695652, 1.0434782608695652, 1.0434782608695652, 1.0434782608695652, 1.0434782608695652, 1.0434782608695652, 1.0434782608695652, 1.0434782608695652, 1.0434782608695652, 1.0434782608695652, 1.0434782608695652, 1.0434782608695652, 1.0434782608695652, 1.0434782608695652, 1.0434782608695652, 1.0434782608695652, 1.0434782608695652, 1.0434782608695652, 1.0434782608695652, 1.0434782608695652, 1.0434782608695652, 1.0526315789473684, 1.0434782608695652, 1.0434782608695652, 1.0434782608695652, 1.0434782608695652, 1.0476190476190477, 1.0434782608695652, 1.0434782608695652, 1.0434782608695652, 1.0434782608695652, 1.0434782608695652, 1.0434782608695652, 1.0434782608695652, 1.0434782608695652, 1.0434782608695652, 1.0434782608695652, 1.0434782608695652, 1.0434782608695652, 1.0434782608695652, 1.0434782608695652, 1.0434782608695652, 1.0434782608695652, 1.0434782608695652, 1.0434782608695652, 1.0434782608695652, 1.0434782608695652, 1.0434782608695652]
avg_s:	1.04374414297
std_s:	0.00140983920255
list of FIS:	[1.0909090909090908, 1.0909090909090908, 1.0909090909090908, 1.0909090909090908, 1.0909090909090908, 1.0909090909090908, 1.0909090909090908, 1.0909090909090908, 1.0909090909090908, 1.0909090909090908, 1.0909090909090908, 1.0909090909090908, 1.0909090909090908, 1.0909090909090908, 1.0909090909090908, 1.0909090909090908, 1.0909090909090908, 1.0909090909090908, 1.0909090909090908, 1.0909090909090908, 1.0909090909090908, 1.0909090909090908, 1.0909090909090908, 1.1111111111111112, 1.0909090909090908, 1.0909090909090908, 1.0909090909090908, 1.0909090909090908, 1.1000000000000001, 1.0909090909090908, 1.0909090909090908, 1.0909090909090908, 1.0909090909090908, 1.0909090909090908, 1.0909090909090908, 1.0909090909090908, 1.0909090909090908, 1.0909090909090908, 1.0909090909090908, 1.0909090909090908, 1.0909090909090908, 1.0909090909090908, 1.0909090909090908, 1.0909090909090908, 1.0909090909090908, 1.0909090909090908, 1.0909090909090908, 1.0909090909090908, 1.0909090909090908, 1.0909090909090908]
avg_FIS:	1.09149494949
std_FIS:	0.00310892308348
s_of_avg_FIS:	1.04374619672
